Trade Number,Market Price,Excess Demand,Speculator Proportion,Kurtosis MP,Kurtosis ED,Kurtosis SP,MP Volatility Last 100 Trades,MP Volatility Last 10 Trades,Pre-CUSP Market Price Difference,Last 100 Pre-CUSP Market Prices Difference
51828,69.55,-207,64.8,nan,nan,nan,0.611,nan,0.0,18.95
51829,71.95,-207,64.8,nan,nan,nan,0.611,0.707,2.4,18.95
51830,71.95,-207,64.8,nan,nan,nan,0.611,0.707,2.4,18.95
51831,71.95,-207,64.8,nan,nan,nan,0.611,0.707,2.4,18.95
51832,71.95,-206,64.8,nan,nan,nan,0.609,0.577,2.4,18.95
51833,74.05,-205,64.8,nan,nan,nan,0.65,0.826,4.5,18.95
51834,78.3,-205,64.8,nan,nan,nan,0.647,0.845,8.75,18.95
51835,78.3,-205,64.8,nan,nan,nan,0.647,0.845,8.75,18.95
51836,78.3,-205,64.8,nan,nan,nan,0.647,0.845,8.75,18.95
51837,78.3,-205,64.8,nan,nan,nan,0.647,0.968,8.75,18.95
51838,78.3,-204,64.8,nan,nan,nan,0.643,0.826,8.75,18.95
51839,82.15,-204,64.8,nan,nan,nan,0.641,0.845,12.6,18.95
51840,82.15,-204,64.8,nan,nan,nan,0.644,0.845,12.6,18.95
51841,82.15,-204,64.8,nan,nan,nan,0.602,0.968,12.6,18.95
51842,82.15,-204,64.8,nan,nan,nan,0.604,0.577,12.6,15.5
51843,82.15,-203,64.8,nan,nan,nan,0.6,0.577,12.6,15.5
51844,86.4,-203,64.8,nan,nan,nan,0.599,0.577,16.85,18.15
51845,86.4,-202,64.8,nan,nan,nan,0.599,0.577,16.85,18.15
51846,86.4,-202,64.8,nan,nan,nan,0.599,0.577,16.85,18.15
51847,86.4,-201,64.8,nan,nan,nan,0.596,0.577,16.85,18.15
51848,89.15,-201,64.8,nan,nan,nan,0.595,0.577,19.6,20.9
51849,89.15,-201,64.8,nan,nan,nan,0.595,0.577,19.6,20.9
51850,89.15,-200,64.8,nan,nan,nan,0.592,0.548,19.6,20.9
51851,90.6,-199,64.8,nan,nan,nan,0.585,0.492,21.05,22.35
51852,91.3,-199,64.8,nan,nan,nan,0.584,0.491,21.75,23.05
51853,91.3,-199,64.8,nan,nan,nan,0.587,0.5,21.75,23.05
51854,91.3,-198,64.8,nan,nan,nan,0.588,0.5,21.75,22.4
51855,91.3,-198,64.8,nan,nan,nan,0.588,0.5,21.75,22.4
51856,91.3,-197,64.8,nan,nan,nan,0.588,0.477,21.75,22.4
51857,91.3,-196,64.8,nan,nan,nan,0.588,0.5,21.75,22.4
51858,91.3,-196,64.8,nan,nan,nan,0.591,0.5,21.75,22.4
51859,91.3,-196,64.8,nan,nan,nan,0.592,0.341,21.75,22.4
51860,91.3,-196,64.8,nan,nan,nan,0.592,nan,21.75,22.4
51861,91.3,-196,64.8,nan,nan,nan,0.592,nan,21.75,22.4
51862,91.3,-196,64.8,nan,nan,nan,0.592,nan,21.75,22.4
51863,91.3,-196,64.8,nan,nan,nan,0.595,nan,21.75,22.4
51864,91.3,-195,64.8,nan,nan,nan,0.591,nan,21.75,22.4
51865,91.3,-195,64.8,nan,nan,nan,0.592,nan,21.75,22.4
51866,91.3,-195,64.8,nan,nan,nan,0.592,nan,21.75,22.4
51867,91.3,-194,64.8,nan,nan,nan,0.592,nan,21.75,22.4
51868,91.3,-194,64.8,nan,nan,nan,0.595,nan,21.75,22.4
51869,91.3,-195,64.8,nan,nan,nan,0.591,nan,21.75,22.4
51870,90.6,-195,64.8,nan,nan,nan,0.55,0.707,21.75,22.4
51871,90.6,-194,64.8,nan,nan,nan,0.554,0.707,21.75,22.4
51872,90.6,-193,64.8,nan,nan,nan,0.559,0.577,21.75,22.4
51873,91.3,-193,64.8,nan,nan,nan,0.559,0.577,21.75,22.4
51874,91.3,-193,64.8,nan,nan,nan,0.559,0.577,21.75,22.4
51875,91.3,-193,64.8,nan,nan,nan,0.561,0.577,21.75,22.4
51876,91.3,-193,64.8,nan,nan,nan,0.563,0.577,21.75,22.4
51877,91.3,-193,64.8,nan,nan,nan,0.563,0.577,21.75,22.4
51878,91.3,-192,64.8,nan,nan,nan,0.563,0.577,21.75,22.4
51879,91.3,-192,64.8,nan,nan,nan,0.563,0.707,21.75,22.4
51880,91.3,-192,64.8,nan,nan,nan,0.563,0.707,21.75,22.4
51881,91.3,-192,64.8,nan,nan,nan,0.563,nan,21.75,22.4
51882,91.3,-191,64.8,nan,nan,nan,0.563,nan,21.75,22.4
51883,91.65,-191,64.8,nan,nan,nan,0.563,0.707,22.1,22.75
51884,91.65,-191,64.8,nan,nan,nan,0.563,0.707,22.1,22.75
51885,91.65,-191,64.8,nan,nan,nan,0.563,0.707,22.1,22.75
51886,91.65,-191,64.8,nan,nan,nan,0.563,0.707,22.1,22.75
51887,91.65,-191,64.8,nan,nan,nan,0.563,0.707,22.1,22.75
51888,91.65,-190,64.8,nan,nan,nan,0.563,0.577,22.1,22.75
51889,91.85,-190,64.8,nan,nan,nan,0.563,0.577,22.3,22.95
51890,91.85,-190,64.8,nan,nan,nan,0.563,0.577,22.3,22.95
51891,91.85,-190,64.8,nan,nan,nan,0.563,0.577,22.3,22.95
51892,91.85,-190,64.8,nan,nan,nan,0.565,0.707,22.3,22.95
51893,91.85,-190,64.8,nan,nan,nan,0.566,0.707,22.3,22.95
51894,91.85,-190,64.8,nan,nan,nan,0.566,0.707,22.3,22.95
51895,91.85,-190,64.8,nan,nan,nan,0.566,0.707,22.3,22.95
51896,91.85,-190,64.8,nan,nan,nan,0.566,0.707,22.3,22.95
51897,91.85,-190,64.8,nan,nan,nan,0.569,nan,22.3,22.95
51898,91.85,-190,64.8,nan,nan,nan,0.57,nan,22.3,22.95
51899,91.85,-189,64.8,nan,nan,nan,0.57,nan,22.3,22.95
51900,91.85,-189,64.8,nan,nan,nan,0.57,nan,22.3,22.95
51901,91.85,-189,64.8,nan,nan,nan,0.57,nan,22.3,22.95
51902,91.85,-189,64.8,nan,nan,nan,0.573,nan,22.3,22.95
51903,91.85,-189,64.8,nan,nan,nan,0.568,nan,22.3,22.95
51904,91.85,-189,64.8,nan,nan,nan,0.569,nan,22.3,22.95
51905,91.85,-189,64.8,nan,nan,nan,0.573,nan,22.3,22.95
51906,91.85,-189,64.8,nan,nan,nan,0.574,nan,22.3,22.95
51907,91.85,-189,64.8,nan,nan,nan,0.574,nan,22.3,22.95
51908,91.85,-188,64.8,nan,nan,nan,0.574,nan,22.3,22.95
51909,91.85,-188,64.8,nan,nan,nan,0.574,nan,22.3,22.95
51910,91.85,-187,64.8,nan,nan,nan,0.574,nan,22.3,22.95
51911,91.85,-187,64.8,nan,nan,nan,0.578,nan,22.3,22.95
51912,91.85,-187,64.8,nan,nan,nan,0.58,nan,22.3,22.5
51913,91.85,-187,64.8,nan,nan,nan,0.58,nan,22.3,22.5
51914,91.85,-187,64.8,nan,nan,nan,0.58,nan,22.3,22.5
51915,91.85,-187,64.8,nan,nan,nan,0.585,nan,22.3,22.5
51916,91.85,-187,64.8,nan,nan,nan,0.586,nan,22.3,22.3
51917,91.85,-187,64.8,nan,nan,nan,0.586,nan,22.3,22.3
51918,91.85,-187,64.8,nan,nan,nan,0.586,nan,22.3,22.3
51919,91.85,-187,64.8,nan,nan,nan,0.586,nan,22.3,22.3
51920,91.85,-188,64.8,nan,nan,nan,0.58,nan,22.3,22.3
51921,91.65,-188,64.8,nan,nan,nan,0.58,0.707,22.3,22.3
51922,91.65,-188,64.8,nan,nan,nan,0.58,0.707,22.3,22.3
51923,91.65,-188,64.8,nan,nan,nan,0.58,0.707,22.3,22.3
51924,91.65,-188,64.8,nan,nan,nan,0.58,0.707,22.3,22.3
51925,91.65,-188,64.8,nan,nan,nan,0.58,0.707,22.3,22.3
51926,91.65,-188,64.8,nan,nan,nan,0.58,0.707,22.3,22.3
51927,91.65,-187,64.8,nan,nan,nan,0.585,0.707,22.3,22.3
51928,91.65,-187,64.8,nan,nan,nan,0.586,0.707,22.3,19.9
51929,91.65,-187,64.8,nan,nan,nan,0.586,nan,22.3,19.9
51930,91.65,-187,64.8,nan,nan,nan,0.586,nan,22.3,19.9
51931,91.65,-187,64.8,nan,nan,nan,0.593,nan,22.3,19.9
51932,91.65,-186,64.8,nan,nan,nan,0.499,nan,22.3,17.8
51933,91.65,-186,64.8,nan,nan,nan,0.5,nan,22.3,13.55
51934,91.65,-186,64.8,nan,nan,nan,0.5,nan,22.3,13.55
51935,91.65,-186,64.8,nan,nan,nan,0.5,nan,22.3,13.55
51936,91.65,-186,64.8,nan,nan,nan,0.5,nan,22.3,13.55
51937,91.65,-186,64.8,nan,nan,nan,0.499,nan,22.3,13.55
51938,91.65,-186,64.8,nan,nan,nan,0.5,nan,22.3,9.7
51939,91.65,-186,64.8,nan,nan,nan,0.5,nan,22.3,9.7
51940,91.65,-186,64.8,nan,nan,nan,0.5,nan,22.3,9.7
51941,91.65,-186,64.8,nan,nan,nan,0.5,nan,22.3,9.7
51942,91.65,-186,64.8,nan,nan,nan,0.499,nan,22.3,9.7
51943,91.65,-186,64.8,nan,nan,nan,0.5,nan,22.3,5.45
51944,91.65,-187,64.8,nan,nan,nan,0.499,nan,22.3,5.45
51945,91.3,-187,64.8,nan,nan,nan,0.5,0.707,22.3,5.45
51946,91.3,-187,64.8,nan,nan,nan,0.499,0.707,22.3,5.45
51947,91.3,-187,64.8,nan,nan,nan,0.5,0.707,22.3,2.7
51948,91.3,-186,64.8,nan,nan,nan,0.5,0.707,22.3,2.7
51949,91.3,-186,64.8,nan,nan,nan,0.499,0.707,22.3,2.7
51950,91.3,-186,64.8,nan,nan,nan,0.519,0.707,22.3,1.25
51951,91.3,-188,64.8,nan,nan,nan,0.519,0.577,22.3,1.25
51952,89.15,-188,64.8,nan,nan,nan,0.519,0.577,22.3,2.7
51953,89.15,-188,64.8,nan,nan,nan,0.519,0.577,22.3,2.7
51954,89.15,-188,64.8,nan,nan,nan,0.519,0.707,22.3,2.7
51955,89.15,-187,64.8,nan,nan,nan,0.519,0.707,22.3,2.7
51956,89.15,-187,64.8,nan,nan,nan,0.519,0.707,22.3,2.7
51957,89.15,-186,64.8,nan,nan,nan,0.516,0.577,22.3,2.7
51958,90.6,-186,64.8,nan,nan,nan,0.516,0.577,22.3,2.7
51959,90.6,-186,64.8,nan,nan,nan,0.516,0.577,22.3,2.7
51960,90.6,-185,64.8,nan,nan,nan,0.516,0.577,22.3,2.7
51961,90.6,-184,64.8,nan,nan,nan,0.516,0.707,22.3,2.7
51962,90.6,-184,64.8,nan,nan,nan,0.516,0.707,22.3,2.7
51963,90.6,-184,64.8,nan,nan,nan,0.516,0.707,22.3,2.7
51964,90.6,-183,64.8,nan,nan,nan,0.514,0.577,22.3,2.7
51965,91.3,-183,64.8,nan,nan,nan,0.514,0.577,22.3,2.7
51966,91.3,-183,64.8,nan,nan,nan,0.514,0.577,22.3,2.7
51967,91.3,-183,64.8,nan,nan,nan,0.514,0.707,22.3,2.7
51968,91.3,-183,64.8,nan,nan,nan,0.514,0.707,22.3,2.7
51969,91.3,-187,64.8,nan,nan,nan,0.514,0.577,22.3,2.7
51970,86.5,-187,64.8,nan,nan,nan,0.514,0.577,22.3,5.35
51971,86.5,-187,64.8,nan,nan,nan,0.514,0.577,22.3,5.35
51972,86.5,-187,64.8,nan,nan,nan,0.516,0.577,22.3,5.35
51973,86.5,-186,64.8,nan,nan,nan,0.516,0.577,22.3,5.35
51974,86.5,-186,64.8,nan,nan,nan,0.516,0.707,22.3,5.35
51975,86.5,-186,64.8,nan,nan,nan,0.516,0.707,22.3,5.35
51976,86.5,-186,64.8,nan,nan,nan,0.516,0.707,22.3,5.35
51977,86.5,-186,64.8,nan,nan,nan,0.516,0.707,22.3,5.35
51978,86.5,-185,64.8,nan,nan,nan,0.514,0.707,22.3,5.35
51979,86.6,-185,64.8,nan,nan,nan,0.514,0.707,22.3,5.35
51980,86.6,-185,64.8,nan,nan,nan,0.514,0.707,22.3,5.35
51981,86.6,-185,64.8,nan,nan,nan,0.514,0.707,22.3,5.35
51982,86.6,-185,64.8,nan,nan,nan,0.516,0.707,22.3,5.35
51983,86.6,-185,64.8,nan,nan,nan,0.516,0.707,22.3,5.35
51984,86.6,-185,64.8,nan,nan,nan,0.516,0.707,22.3,5.35
51985,86.6,-184,64.8,nan,nan,nan,0.514,0.577,22.3,5.35
51986,89.25,-184,64.8,nan,nan,nan,0.514,0.577,22.3,5.35
51987,89.25,-184,64.8,nan,nan,nan,0.514,0.577,22.3,5.35
51988,89.25,-184,64.8,nan,nan,nan,0.516,0.707,22.3,5.35
51989,89.25,-184,64.8,nan,nan,nan,0.516,0.707,22.3,5.35
51990,89.25,-184,64.8,nan,nan,nan,0.516,0.707,22.3,5.35
51991,89.25,-184,64.8,nan,nan,nan,0.516,0.707,22.3,5.35
51992,89.25,-183,64.8,nan,nan,nan,0.516,0.707,22.3,5.35
51993,89.25,-183,64.8,nan,nan,nan,0.516,0.707,22.3,5.35
51994,89.25,-182,64.8,nan,nan,nan,0.516,nan,22.3,5.35
51995,89.25,-181,64.8,nan,nan,nan,0.516,nan,22.3,5.35
51996,89.25,-181,64.8,nan,nan,nan,0.516,nan,22.3,5.35
51997,89.25,-181,64.8,nan,nan,nan,0.516,nan,22.3,5.35
51998,89.25,-181,64.8,nan,nan,nan,0.516,nan,22.3,5.35
51999,89.25,-181,64.8,nan,nan,nan,0.516,nan,22.3,5.35
52000,89.25,-181,64.8,nan,nan,nan,0.516,nan,22.3,5.35
52001,89.25,-181,64.8,nan,nan,nan,0.516,nan,22.3,5.35
52002,89.25,-181,64.8,nan,nan,nan,0.516,nan,22.3,5.35
52003,89.25,-180,64.8,nan,nan,nan,0.516,nan,22.3,5.35
52004,89.25,-180,64.8,nan,nan,nan,0.516,nan,22.3,5.35
52005,89.25,-180,64.8,nan,nan,nan,0.516,nan,22.3,5.35
52006,89.25,-180,64.8,nan,nan,nan,0.516,nan,22.3,5.35
52007,89.25,-198,64.8,nan,nan,nan,0.514,nan,22.3,5.35
52008,81.3,-198,64.8,nan,nan,nan,0.514,0.707,22.3,10.55
52009,81.3,-197,64.8,nan,nan,nan,0.514,0.707,22.3,10.55
52010,81.3,-197,64.8,nan,nan,nan,0.514,0.707,22.3,10.55
52011,81.3,-196,64.8,nan,nan,nan,0.513,0.577,22.3,10.55
52012,83.05,-196,64.8,nan,nan,nan,0.513,0.577,22.3,10.55
52013,83.05,-196,64.8,nan,nan,nan,0.513,0.577,22.3,10.55
52014,83.05,-196,64.8,nan,nan,nan,0.513,0.577,22.3,10.55
52015,83.05,-196,64.8,nan,nan,nan,0.513,0.577,22.3,10.55
52016,83.05,-196,64.8,nan,nan,nan,0.513,0.577,22.3,10.55
52017,83.05,-196,64.8,nan,nan,nan,0.513,0.707,22.3,10.55
52018,83.05,-196,64.8,nan,nan,nan,0.513,0.707,22.3,10.55
52019,83.05,-195,64.8,nan,nan,nan,0.513,0.707,22.3,10.55
52020,83.05,-195,64.8,nan,nan,nan,0.514,nan,22.3,10.35
52021,83.05,-195,64.8,nan,nan,nan,0.514,nan,22.3,10.35
52022,83.05,-195,64.8,nan,nan,nan,0.514,nan,22.3,10.35
52023,83.05,-195,64.8,nan,nan,nan,0.514,nan,22.3,10.35
52024,83.05,-194,64.8,nan,nan,nan,0.513,nan,22.3,10.35
52025,83.9,-193,64.8,nan,nan,nan,0.513,0.707,22.3,10.35
52026,83.9,-193,64.8,nan,nan,nan,0.513,0.707,22.3,10.35
52027,83.9,-193,64.8,nan,nan,nan,0.513,0.707,22.3,10.35
52028,83.9,-193,64.8,nan,nan,nan,0.513,0.707,22.3,10.35
52029,83.9,-193,64.8,nan,nan,nan,0.513,0.707,22.3,10.35
52030,83.9,-193,64.8,nan,nan,nan,0.513,0.707,22.3,10.35
52031,83.9,-193,64.8,nan,nan,nan,0.513,0.707,22.3,10.35
52032,83.9,-193,64.8,nan,nan,nan,0.513,0.707,22.3,10.35
52033,83.9,-193,64.8,nan,nan,nan,0.513,nan,22.3,10.35
52034,83.9,-193,64.8,nan,nan,nan,0.513,nan,22.3,10.35
52035,83.9,-192,64.8,nan,nan,nan,0.513,nan,22.3,10.35
52036,83.9,-191,64.8,nan,nan,nan,0.513,nan,22.3,10.35
52037,83.9,-191,64.8,nan,nan,nan,0.513,nan,22.3,10.35
52038,83.9,-190,64.8,nan,nan,nan,0.513,nan,22.3,10.35
52039,83.9,-190,64.8,nan,nan,nan,0.513,nan,22.3,10.35
52040,83.9,-189,64.8,nan,nan,nan,0.513,nan,22.3,10.35
52041,83.9,-191,64.8,nan,nan,nan,0.512,nan,22.3,10.35
52042,81.3,-190,64.8,nan,nan,nan,0.561,1.183,22.3,10.35
52043,83.05,-190,64.8,nan,nan,nan,0.556,0.842,22.3,10.35
52044,83.05,-189,64.8,nan,nan,nan,0.562,0.842,22.3,10.0
52045,83.05,-189,64.8,nan,nan,nan,0.562,0.842,22.3,10.0
52046,83.05,-188,64.8,nan,nan,nan,0.561,0.819,22.3,10.0
52047,83.9,-187,64.8,nan,nan,nan,0.557,0.725,22.3,10.0
52048,83.9,-186,64.8,nan,nan,nan,0.557,0.725,22.3,10.0
52049,83.9,-186,64.8,nan,nan,nan,0.557,0.725,22.3,10.0
52050,83.9,-186,64.8,nan,nan,nan,0.556,0.69,22.3,10.0
52051,83.9,-186,64.8,nan,nan,nan,0.562,0.577,22.3,10.0
52052,83.9,-186,64.8,nan,nan,nan,0.562,0.707,22.3,10.0
52053,83.9,-185,64.8,nan,nan,nan,0.562,0.707,22.3,10.0
52054,83.9,-187,64.8,nan,nan,nan,0.561,0.577,22.3,10.0
52055,81.3,-187,64.8,nan,nan,nan,0.557,0.577,22.3,10.0
52056,81.3,-187,64.8,nan,nan,nan,0.556,0.707,22.3,10.0
52057,81.3,-186,64.8,nan,nan,nan,0.561,0.577,22.3,10.0
52058,83.05,-186,64.8,nan,nan,nan,0.557,0.577,22.3,10.0
52059,83.05,-185,64.8,nan,nan,nan,0.557,0.577,22.3,10.0
52060,83.05,-185,64.8,nan,nan,nan,0.557,0.577,22.3,10.0
52061,83.05,-184,64.8,nan,nan,nan,0.556,0.548,22.3,10.0
52062,83.9,-183,64.8,nan,nan,nan,0.552,0.548,22.3,10.0
52063,83.9,-183,64.8,nan,nan,nan,0.552,0.548,22.3,10.0
52064,83.9,-183,64.8,nan,nan,nan,0.557,0.577,22.3,10.0
52065,83.9,-183,64.8,nan,nan,nan,0.557,0.577,22.3,10.0
52066,83.9,-183,64.8,nan,nan,nan,0.557,0.577,22.3,10.0
52067,83.9,-182,64.8,nan,nan,nan,0.556,0.577,22.3,10.0
52068,84.35,-182,64.8,nan,nan,nan,0.552,0.577,22.3,10.0
52069,84.35,-182,64.8,nan,nan,nan,0.557,0.577,22.3,7.95
52070,84.35,-182,64.8,nan,nan,nan,0.557,0.577,22.3,7.95
52071,84.35,-182,64.8,nan,nan,nan,0.557,0.707,22.3,7.95
52072,84.35,-181,64.8,nan,nan,nan,0.557,0.707,22.3,7.95
52073,84.35,-181,64.8,nan,nan,nan,0.557,0.707,22.3,7.95
52074,84.35,-181,64.8,nan,nan,nan,0.557,0.707,22.3,7.95
52075,84.35,-181,64.8,nan,nan,nan,0.557,0.707,22.3,7.95
52076,84.35,-181,64.8,nan,nan,nan,0.557,nan,22.3,7.95
52077,84.35,-181,64.8,nan,nan,nan,0.556,nan,22.3,7.95
52078,84.35,-181,64.8,nan,nan,nan,0.562,nan,22.3,7.95
52079,84.35,-181,64.8,nan,nan,nan,0.562,nan,22.3,7.95
52080,84.35,-181,64.8,nan,nan,nan,0.562,nan,22.3,7.95
52081,84.35,-181,64.8,nan,nan,nan,0.562,nan,22.3,7.95
52082,84.35,-181,64.8,nan,nan,nan,0.562,nan,22.3,7.95
52083,84.35,-181,64.8,nan,nan,nan,0.562,nan,22.3,7.95
52084,84.35,-180,64.8,nan,nan,nan,0.561,nan,22.3,7.95
52085,84.35,-195,64.8,nan,nan,nan,0.567,nan,22.3,7.95
52086,78.95,-195,64.8,nan,nan,nan,0.562,0.707,22.3,10.3
52087,78.95,-194,64.8,nan,nan,nan,0.562,0.707,22.3,10.3
52088,78.95,-194,64.8,nan,nan,nan,0.562,0.707,22.3,10.3
52089,78.95,-194,64.8,nan,nan,nan,0.562,0.707,22.3,10.3
52090,78.95,-194,64.8,nan,nan,nan,0.562,0.707,22.3,10.3
52091,78.95,-194,64.8,nan,nan,nan,0.562,0.707,22.3,10.3
52092,78.95,-194,64.8,nan,nan,nan,0.562,0.707,22.3,10.3
52093,78.95,-193,64.8,nan,nan,nan,0.562,0.707,22.3,10.3
52094,78.95,-192,64.8,nan,nan,nan,0.562,nan,22.3,10.3
52095,78.95,-192,64.8,nan,nan,nan,0.562,nan,22.3,10.3
52096,78.95,-192,64.8,nan,nan,nan,0.562,nan,22.3,10.3
52097,78.95,-192,64.8,nan,nan,nan,0.562,nan,22.3,10.3
52098,78.95,-191,64.8,nan,nan,nan,0.561,nan,22.3,10.3
52099,79.55,-191,64.8,nan,nan,nan,0.557,0.707,22.3,10.3
52100,79.55,-192,64.8,nan,nan,nan,0.556,0.577,22.3,10.3
52101,78.95,-192,64.8,nan,nan,nan,0.552,0.577,22.3,10.3
52102,78.95,-192,64.8,nan,nan,nan,0.552,0.577,22.3,10.3
52103,78.95,-191,64.8,nan,nan,nan,0.552,0.548,22.3,10.3
52104,79.55,-191,64.8,nan,nan,nan,0.549,0.548,22.3,10.3
52105,79.55,-190,64.8,nan,nan,nan,0.549,0.548,22.3,10.3
52106,79.55,-189,64.8,nan,nan,nan,0.548,0.548,22.3,10.3
52107,79.55,-189,64.8,nan,nan,nan,0.552,0.548,22.3,5.4
52108,79.55,-189,64.8,nan,nan,nan,0.552,0.577,22.3,5.4
52109,79.55,-189,64.8,nan,nan,nan,0.552,0.577,22.3,5.4
52110,79.55,-189,64.8,nan,nan,nan,0.552,0.707,22.3,5.4
52111,79.55,-188,64.8,nan,nan,nan,0.557,0.707,22.3,5.4
52112,79.55,-188,64.8,nan,nan,nan,0.557,nan,22.3,5.4
52113,79.55,-188,64.8,nan,nan,nan,0.557,nan,22.3,5.4
52114,79.55,-188,64.8,nan,nan,nan,0.557,nan,22.3,5.4
52115,79.55,-187,64.8,nan,nan,nan,0.557,nan,22.3,5.4
52116,79.55,-187,64.8,nan,nan,nan,0.557,nan,22.3,5.4
52117,79.55,-187,64.8,nan,nan,nan,0.557,nan,22.3,5.4
52118,79.55,-187,64.8,nan,nan,nan,0.557,nan,22.3,5.4
52119,79.55,-187,64.8,nan,nan,nan,0.557,nan,22.3,5.4
52120,79.55,-186,64.8,nan,nan,nan,0.557,nan,22.3,5.4
52121,79.55,-186,64.8,nan,nan,nan,0.557,nan,22.3,5.4
52122,79.55,-186,64.8,nan,nan,nan,0.557,nan,22.3,5.4
52123,79.55,-186,64.8,nan,nan,nan,0.556,nan,22.3,5.4
52124,79.55,-185,64.8,nan,nan,nan,0.562,nan,22.3,5.4
52125,79.55,-184,64.8,nan,nan,nan,0.561,nan,22.3,5.4
52126,79.8,-184,64.8,nan,nan,nan,0.557,0.707,22.3,5.4
52127,79.8,-183,64.8,nan,nan,nan,0.557,0.707,22.3,5.4
52128,79.8,-183,64.8,nan,nan,nan,0.557,0.707,22.3,5.4
52129,79.8,-183,64.8,nan,nan,nan,0.557,0.707,22.3,5.4
52130,79.8,-183,64.8,nan,nan,nan,0.557,0.707,22.3,5.4
52131,79.8,-182,64.8,nan,nan,nan,0.556,0.577,22.3,5.4
52132,79.95,-182,64.8,nan,nan,nan,0.552,0.577,22.3,5.4
52133,79.95,-182,64.8,nan,nan,nan,0.552,0.577,22.3,5.4
52134,79.95,-182,64.8,nan,nan,nan,0.552,0.577,22.3,5.4
52135,79.95,-182,64.8,nan,nan,nan,0.552,0.707,22.3,5.4
52136,79.95,-182,64.8,nan,nan,nan,0.552,0.707,22.3,5.4
52137,79.95,-181,64.8,nan,nan,nan,0.552,0.707,22.3,5.4
52138,79.95,-180,64.8,nan,nan,nan,0.552,0.577,22.3,5.4
52139,82.3,-179,64.8,nan,nan,nan,0.578,0.64,22.3,5.4
52140,85.9,-179,64.8,nan,nan,nan,0.578,0.762,22.3,6.95
52141,85.9,-179,64.8,nan,nan,nan,0.541,0.778,22.3,6.95
52142,85.9,-178,64.8,nan,nan,nan,0.538,0.64,22.3,6.95
52143,91.1,-177,64.8,nan,nan,nan,0.538,0.68,22.3,12.15
52144,91.1,-177,64.8,nan,nan,nan,0.538,0.68,22.3,12.15
52145,91.1,-177,64.8,nan,nan,nan,0.541,0.68,22.3,12.15
52146,91.1,-177,64.8,nan,nan,nan,0.541,0.68,22.3,12.15
52147,91.1,-177,64.8,nan,nan,nan,0.541,0.762,22.3,12.15
52148,91.1,-177,64.8,nan,nan,nan,0.541,0.577,22.3,12.15
52149,91.1,-176,64.8,nan,nan,nan,0.541,0.707,22.3,12.15
52150,91.1,-176,64.8,nan,nan,nan,0.541,0.707,22.3,12.15
52151,91.1,-175,64.8,nan,nan,nan,0.541,nan,22.3,12.15
52152,91.1,-174,64.8,nan,nan,nan,0.538,nan,22.3,12.15
52153,91.65,-174,64.8,nan,nan,nan,0.541,0.707,22.3,12.7
52154,91.65,-174,64.8,nan,nan,nan,0.541,0.707,22.3,12.7
52155,91.65,-174,64.8,nan,nan,nan,0.541,0.707,22.3,12.7
52156,91.65,-174,64.8,nan,nan,nan,0.544,0.707,22.3,12.7
52157,91.65,-173,64.8,nan,nan,nan,0.544,0.707,22.3,12.7
52158,91.65,-173,64.8,nan,nan,nan,0.544,0.707,22.3,12.7
52159,91.65,-172,64.8,nan,nan,nan,0.544,0.707,22.3,12.7
52160,91.65,-172,64.8,nan,nan,nan,0.548,0.707,22.3,12.7
52161,91.65,-172,64.8,nan,nan,nan,0.548,nan,22.3,12.7
52162,91.65,-172,64.8,nan,nan,nan,0.548,nan,22.3,12.7
52163,91.65,-172,64.8,nan,nan,nan,0.548,nan,22.3,12.7
52164,91.65,-171,64.8,nan,nan,nan,0.544,nan,22.3,12.7
52165,92.4,-171,64.8,nan,nan,nan,0.544,0.707,22.85,13.45
52166,92.4,-170,64.8,nan,nan,nan,0.544,0.577,22.85,13.45
52167,92.75,-169,64.8,nan,nan,nan,0.544,0.577,23.2,13.8
52168,92.75,-169,64.8,nan,nan,nan,0.544,0.577,23.2,13.8
52169,92.75,-169,64.8,nan,nan,nan,0.544,0.577,23.2,13.8
52170,92.75,-169,64.8,nan,nan,nan,0.544,0.577,23.2,13.8
52171,92.75,-187,64.8,nan,nan,nan,0.54,0.548,23.2,13.8
52172,92.6,-187,64.8,nan,nan,nan,0.541,0.548,23.2,13.8
52173,92.6,-186,64.8,nan,nan,nan,0.541,0.548,23.2,13.8
52174,92.6,-186,64.8,nan,nan,nan,0.541,0.577,23.2,13.8
52175,92.6,-185,64.8,nan,nan,nan,0.541,0.577,23.2,13.8
52176,92.6,-184,64.8,nan,nan,nan,0.541,0.707,23.2,13.8
52177,92.6,-184,64.8,nan,nan,nan,0.541,0.707,23.2,13.8
52178,92.6,-184,64.8,nan,nan,nan,0.541,0.707,23.2,13.8
52179,92.6,-187,64.8,nan,nan,nan,0.538,0.577,23.2,13.8
52180,86.3,-186,64.8,nan,nan,nan,0.593,0.929,23.2,13.8
52181,91.7,-186,64.8,nan,nan,nan,0.59,0.929,23.2,13.8
52182,91.7,-186,64.8,nan,nan,nan,0.59,0.929,23.2,13.8
52183,91.7,-186,64.8,nan,nan,nan,0.59,0.929,23.2,13.8
52184,91.7,-186,64.8,nan,nan,nan,0.593,0.929,23.2,13.8
52185,91.7,-186,64.8,nan,nan,nan,0.597,0.929,23.2,13.8
52186,91.7,-186,64.8,nan,nan,nan,0.597,0.929,23.2,13.8
52187,91.7,-185,64.8,nan,nan,nan,0.597,0.929,23.2,13.8
52188,91.7,-185,64.8,nan,nan,nan,0.597,0.606,23.2,13.8
52189,91.7,-185,64.8,nan,nan,nan,0.597,nan,23.2,13.8
52190,91.7,-185,64.8,nan,nan,nan,0.597,nan,23.2,13.8
52191,91.7,-184,64.8,nan,nan,nan,0.597,nan,23.2,13.8
52192,91.7,-184,64.8,nan,nan,nan,0.597,nan,23.2,13.8
52193,91.7,-184,64.8,nan,nan,nan,0.597,nan,23.2,13.8
52194,91.7,-194,64.8,nan,nan,nan,0.593,nan,23.2,13.8
52195,83.45,-194,64.8,nan,nan,nan,0.59,0.707,23.2,13.8
52196,83.45,-194,64.8,nan,nan,nan,0.59,0.707,23.2,13.8
52197,83.45,-194,64.8,nan,nan,nan,0.593,0.707,23.2,13.8
52198,83.45,-194,64.8,nan,nan,nan,0.597,0.707,23.2,13.8
52199,83.45,-194,64.8,nan,nan,nan,0.6,0.707,23.2,13.8
52200,83.45,-194,64.8,nan,nan,nan,0.604,0.707,23.2,13.8
52201,83.45,-194,64.8,nan,nan,nan,0.604,0.707,23.2,13.8
52202,83.45,-194,64.8,nan,nan,nan,0.608,0.707,23.2,13.8
52203,83.45,-194,64.8,nan,nan,nan,0.613,nan,23.2,13.2
52204,83.45,-194,64.8,nan,nan,nan,0.613,nan,23.2,13.2
52205,83.45,-193,64.8,nan,nan,nan,0.613,nan,23.2,13.2
52206,83.45,-193,64.8,nan,nan,nan,0.613,nan,23.2,13.2
52207,83.45,-193,64.8,nan,nan,nan,0.613,nan,23.2,13.2
52208,83.45,-193,64.8,nan,nan,nan,0.613,nan,23.2,13.2
52209,83.45,-193,64.8,nan,nan,nan,0.613,nan,23.2,13.2
52210,83.45,-193,64.8,nan,nan,nan,0.613,nan,23.2,13.2
52211,83.45,-193,64.8,nan,nan,nan,0.613,nan,23.2,13.2
52212,83.45,-192,64.8,nan,nan,nan,0.613,nan,23.2,13.2
52213,83.45,-192,64.8,nan,nan,nan,0.613,nan,23.2,13.2
52214,83.45,-192,64.8,nan,nan,nan,0.613,nan,23.2,13.2
52215,83.45,-192,64.8,nan,nan,nan,0.613,nan,23.2,13.2
52216,83.45,-192,64.8,nan,nan,nan,0.613,nan,23.2,13.2
52217,83.45,-191,64.8,nan,nan,nan,0.609,nan,23.2,13.2
52218,85.3,-191,64.8,nan,nan,nan,0.604,0.707,23.2,13.2
52219,85.3,-191,64.8,nan,nan,nan,0.604,0.707,23.2,13.2
52220,85.3,-191,64.8,nan,nan,nan,0.604,0.707,23.2,13.2
52221,85.3,-190,64.8,nan,nan,nan,0.604,0.707,23.2,13.2
52222,85.3,-189,64.8,nan,nan,nan,0.601,0.577,23.2,13.2
52223,86.2,-191,64.8,nan,nan,nan,0.913,1.92,23.2,13.2
52224,83.45,-191,64.8,nan,nan,nan,0.907,1.667,23.2,13.2
52225,83.45,-191,64.8,nan,nan,nan,0.923,1.667,23.2,12.95
52226,83.45,-191,64.8,nan,nan,nan,0.923,1.759,23.2,12.95
52227,83.45,-191,64.8,nan,nan,nan,0.923,2.113,23.2,12.95
52228,83.45,-190,64.8,nan,nan,nan,0.913,1.92,23.2,12.95
52229,85.3,-189,64.8,nan,nan,nan,0.896,1.696,23.2,12.95
52230,86.2,-188,64.8,nan,nan,nan,0.888,1.538,23.2,12.95
52231,86.65,-188,64.8,nan,nan,nan,0.888,1.458,23.2,12.8
52232,86.65,-188,64.8,nan,nan,nan,0.888,0.418,23.2,12.8
52233,86.65,-187,64.8,nan,nan,nan,0.888,0.408,23.2,12.8
52234,86.65,-187,64.8,nan,nan,nan,0.888,0.408,23.2,12.8
52235,86.65,-186,64.8,nan,nan,nan,0.888,0.408,23.2,12.8
52236,86.65,-186,64.8,nan,nan,nan,0.888,0.408,23.2,12.8
52237,86.65,-185,64.8,nan,nan,nan,0.888,0.408,23.2,12.8
52238,86.9,-185,64.8,nan,nan,nan,0.858,0.479,23.2,10.45
52239,86.9,-184,64.8,nan,nan,nan,0.866,0.577,23.2,9.3
52240,87.0,-184,64.8,nan,nan,nan,0.852,0.577,23.2,9.3
52241,87.0,-186,64.8,nan,nan,nan,0.852,0.548,23.2,9.3
52242,86.65,-186,64.8,nan,nan,nan,0.852,0.548,23.2,9.3
52243,86.65,-185,64.8,nan,nan,nan,0.852,0.548,23.2,9.3
52244,86.65,-185,64.8,nan,nan,nan,0.852,0.548,23.2,9.3
52245,86.65,-185,64.8,nan,nan,nan,0.852,0.548,23.2,9.3
52246,86.65,-184,64.8,nan,nan,nan,0.852,0.548,23.2,9.3
52247,86.65,-183,64.8,nan,nan,nan,0.852,0.577,23.2,9.3
52248,86.65,-182,64.8,nan,nan,nan,0.846,0.577,23.2,9.3
52249,89.5,-181,64.8,nan,nan,nan,0.833,0.473,23.2,9.3
52250,91.15,-181,64.8,nan,nan,nan,0.821,0.487,23.2,9.3
52251,91.15,-181,64.8,nan,nan,nan,0.826,0.502,23.2,9.3
52252,91.15,-180,64.8,nan,nan,nan,0.838,0.502,23.2,9.3
52253,91.15,-182,64.8,nan,nan,nan,0.833,0.473,23.2,9.3
52254,86.4,-181,64.8,nan,nan,nan,0.839,0.71,23.2,9.3
52255,89.5,-181,64.8,nan,nan,nan,0.827,0.655,23.2,9.3
52256,89.5,-181,64.8,nan,nan,nan,0.827,0.655,23.2,9.3
52257,89.5,-181,64.8,nan,nan,nan,0.827,0.63,23.2,9.3
52258,89.5,-180,64.8,nan,nan,nan,0.827,0.682,23.2,9.3
52259,89.5,-180,64.8,nan,nan,nan,0.827,0.832,23.2,9.3
52260,89.5,-180,64.8,nan,nan,nan,0.827,0.832,23.2,9.3
52261,89.5,-179,64.8,nan,nan,nan,0.827,0.832,23.2,9.3
52262,89.5,-187,64.8,nan,nan,nan,0.823,0.832,23.2,9.3
52263,84.25,-187,64.8,nan,nan,nan,0.816,0.577,23.2,9.3
52264,84.25,-187,64.8,nan,nan,nan,0.827,0.707,23.2,9.3
52265,84.25,-187,64.8,nan,nan,nan,0.831,0.707,23.2,9.3
52266,84.25,-187,64.8,nan,nan,nan,0.843,0.707,23.2,9.3
52267,84.25,-188,64.8,nan,nan,nan,0.839,0.577,23.2,9.3
52268,82.4,-187,64.8,nan,nan,nan,0.827,0.577,23.2,10.35
52269,82.4,-187,64.8,nan,nan,nan,0.827,0.577,23.2,10.35
52270,82.4,-187,64.8,nan,nan,nan,0.831,0.577,23.2,10.35
52271,82.4,-186,64.8,nan,nan,nan,0.839,0.577,23.2,10.2
52272,83.7,-186,64.8,nan,nan,nan,0.827,0.577,23.2,10.2
52273,83.7,-186,64.8,nan,nan,nan,0.827,0.577,23.2,10.2
52274,83.7,-186,64.8,nan,nan,nan,0.827,0.577,23.2,10.2
52275,83.7,-186,64.8,nan,nan,nan,0.827,0.577,23.2,10.2
52276,83.7,-186,64.8,nan,nan,nan,0.827,0.577,23.2,10.2
52277,83.7,-186,64.8,nan,nan,nan,0.827,0.707,23.2,10.2
52278,83.7,-186,64.8,nan,nan,nan,0.831,0.707,23.2,10.2
52279,83.7,-186,64.8,nan,nan,nan,0.817,0.707,23.2,9.3
52280,83.7,-186,64.8,nan,nan,nan,0.829,nan,23.2,9.3
52281,83.7,-185,64.8,nan,nan,nan,0.829,nan,23.2,9.3
52282,83.7,-185,64.8,nan,nan,nan,0.829,nan,23.2,9.3
52283,83.7,-185,64.8,nan,nan,nan,0.829,nan,23.2,9.3
52284,83.7,-185,64.8,nan,nan,nan,0.829,nan,23.2,9.3
52285,83.7,-185,64.8,nan,nan,nan,0.829,nan,23.2,9.3
52286,83.7,-185,64.8,nan,nan,nan,0.829,nan,23.2,9.3
52287,83.7,-185,64.8,nan,nan,nan,0.829,nan,23.2,9.3
52288,83.7,-185,64.8,nan,nan,nan,0.829,nan,23.2,9.3
52289,83.7,-185,64.8,nan,nan,nan,0.829,nan,23.2,9.3
52290,83.7,-185,64.8,nan,nan,nan,0.829,nan,23.2,9.3
52291,83.7,-185,64.8,nan,nan,nan,0.829,nan,23.2,9.3
52292,83.7,-184,64.8,nan,nan,nan,0.823,nan,23.2,9.3
52293,84.35,-184,64.8,nan,nan,nan,0.817,0.707,23.2,9.3
52294,84.35,-184,64.8,nan,nan,nan,0.829,0.707,23.2,8.75
52295,84.35,-184,64.8,nan,nan,nan,0.829,0.707,23.2,8.75
52296,84.35,-184,64.8,nan,nan,nan,0.829,0.707,23.2,8.75
52297,84.35,-184,64.8,nan,nan,nan,0.829,0.707,23.2,8.75
52298,84.35,-184,64.8,nan,nan,nan,0.829,0.707,23.2,8.75
52299,84.35,-185,64.8,nan,nan,nan,0.823,0.577,23.2,8.75
52300,83.7,-184,64.8,nan,nan,nan,0.812,0.577,23.2,8.75
52301,83.7,-184,64.8,nan,nan,nan,0.812,0.577,23.2,8.75
52302,83.7,-183,64.8,nan,nan,nan,0.812,0.707,23.2,8.75
52303,83.7,-183,64.8,nan,nan,nan,0.812,0.707,23.2,8.75
52304,83.7,-183,64.8,nan,nan,nan,0.812,0.707,23.2,8.75
52305,83.7,-183,64.8,nan,nan,nan,0.812,0.707,23.2,8.75
52306,83.7,-183,64.8,nan,nan,nan,0.812,0.707,23.2,8.75
52307,83.7,-182,64.8,nan,nan,nan,0.812,0.707,23.2,8.75
52308,83.7,-182,64.8,nan,nan,nan,0.812,nan,23.2,8.75
52309,83.7,-181,64.8,nan,nan,nan,0.807,nan,23.2,8.75
52310,87.6,-181,64.8,nan,nan,nan,0.797,0.707,23.2,8.75
52311,87.6,-181,64.8,nan,nan,nan,0.797,0.707,23.2,8.75
52312,87.6,-181,64.8,nan,nan,nan,0.797,0.707,23.2,8.75
52313,87.6,-181,64.8,nan,nan,nan,0.797,0.707,23.2,8.75
52314,87.6,-181,64.8,nan,nan,nan,0.797,0.707,23.2,8.75
52315,87.6,-180,64.8,nan,nan,nan,0.792,0.577,23.2,8.75
52316,92.4,-180,64.8,nan,nan,nan,0.787,0.577,23.2,10.0
52317,92.4,-180,64.8,nan,nan,nan,0.797,0.577,23.2,10.0
52318,92.4,-180,64.8,nan,nan,nan,0.797,0.577,23.2,10.0
52319,92.4,-180,64.8,nan,nan,nan,0.797,0.707,23.2,10.0
52320,92.4,-180,64.8,nan,nan,nan,0.797,0.707,23.2,10.0
52321,92.4,-180,64.8,nan,nan,nan,0.801,0.707,23.2,10.0
52322,92.4,-180,64.8,nan,nan,nan,0.517,0.707,23.2,10.0
52323,92.4,-180,64.8,nan,nan,nan,0.518,0.707,23.2,10.0
52324,92.4,-180,64.8,nan,nan,nan,0.518,nan,23.2,10.0
52325,92.4,-180,64.8,nan,nan,nan,0.518,nan,23.2,10.0
52326,92.4,-179,64.8,nan,nan,nan,0.518,nan,23.2,10.0
52327,92.4,-179,64.8,nan,nan,nan,0.517,nan,23.2,10.0
52328,92.4,-179,64.8,nan,nan,nan,0.527,nan,23.2,10.0
52329,92.4,-179,64.8,nan,nan,nan,0.537,nan,23.2,10.0
52330,92.4,-178,64.8,nan,nan,nan,0.54,nan,23.2,10.0
52331,92.4,-177,64.8,nan,nan,nan,0.54,nan,23.2,10.0
52332,92.4,-177,64.8,nan,nan,nan,0.54,nan,23.2,10.0
52333,92.4,-176,64.8,nan,nan,nan,0.54,nan,23.2,10.0
52334,92.4,-175,64.8,nan,nan,nan,0.54,nan,23.2,10.0
52335,92.4,-174,64.8,nan,nan,nan,0.54,nan,23.2,10.0
52336,92.4,-174,64.8,nan,nan,nan,0.54,nan,23.2,10.0
52337,92.4,-174,64.8,nan,nan,nan,0.543,nan,23.2,10.0
52338,92.4,-174,64.8,nan,nan,nan,0.543,nan,23.2,10.0
52339,92.4,-174,64.8,nan,nan,nan,0.547,nan,23.2,10.0
52340,92.4,-174,64.8,nan,nan,nan,0.546,nan,23.2,10.0
52341,92.4,-174,64.8,nan,nan,nan,0.551,nan,23.2,10.0
52342,92.4,-173,64.8,nan,nan,nan,0.551,nan,23.2,10.0
52343,92.4,-173,64.8,nan,nan,nan,0.551,nan,23.2,10.0
52344,92.4,-173,64.8,nan,nan,nan,0.551,nan,23.2,10.0
52345,92.4,-173,64.8,nan,nan,nan,0.551,nan,23.2,10.0
52346,92.4,-173,64.8,nan,nan,nan,0.551,nan,23.2,10.0
52347,92.4,-173,64.8,nan,nan,nan,0.55,nan,23.2,10.0
52348,92.4,-172,64.8,nan,nan,nan,0.565,nan,23.2,10.0
52349,92.4,-171,64.8,nan,nan,nan,0.573,nan,23.2,10.0
52350,92.4,-170,64.8,nan,nan,nan,0.572,nan,23.2,10.0
52351,92.55,-170,64.8,nan,nan,nan,0.566,0.707,23.2,10.15
52352,92.55,-170,64.8,nan,nan,nan,0.565,0.707,23.2,10.15
52353,92.55,-170,64.8,nan,nan,nan,0.514,0.707,23.2,10.15
52354,92.55,-170,64.8,nan,nan,nan,0.516,0.707,23.2,10.15
52355,92.55,-169,64.8,nan,nan,nan,0.516,0.707,23.2,10.15
52356,92.55,-168,64.8,nan,nan,nan,0.516,0.707,23.2,10.15
52357,92.55,-216,64.8,nan,nan,nan,0.514,0.577,23.2,10.15
52358,92.25,-216,64.8,nan,nan,nan,0.514,0.577,23.2,10.15
52359,92.25,-216,64.8,nan,nan,nan,0.514,0.577,23.2,10.15
52360,92.25,-264,64.8,nan,nan,nan,0.513,0.577,23.2,10.15
52361,92.1,-264,64.8,nan,nan,nan,0.513,0.577,23.2,10.15
52362,92.1,-264,64.8,nan,nan,nan,0.514,0.577,23.2,10.15
52363,92.1,-263,64.8,nan,nan,nan,0.514,0.577,23.2,10.15
52364,92.1,-262,64.8,nan,nan,nan,0.514,0.577,23.2,10.15
52365,92.1,-261,64.8,nan,nan,nan,0.514,0.577,23.2,10.15
52366,92.1,-261,64.8,nan,nan,nan,0.514,0.577,23.2,10.15
52367,92.1,-261,64.8,nan,nan,nan,0.516,0.707,23.2,10.15
52368,92.1,-261,64.8,nan,nan,nan,0.516,0.707,23.2,10.15
52369,92.1,-260,64.8,nan,nan,nan,0.516,nan,23.2,10.15
52370,92.1,-259,64.8,nan,nan,nan,0.516,nan,23.2,10.15
52371,92.1,-259,64.8,nan,nan,nan,0.519,nan,23.2,8.85
52372,92.1,-258,64.8,nan,nan,nan,0.519,nan,23.2,8.85
52373,92.1,-258,64.8,nan,nan,nan,0.519,nan,23.2,8.85
52374,92.1,-258,64.8,nan,nan,nan,0.519,nan,23.2,8.85
52375,92.1,-257,64.8,nan,nan,nan,0.519,nan,23.2,8.85
52376,92.1,-257,64.8,nan,nan,nan,0.519,nan,23.2,8.85
52377,92.1,-257,64.8,nan,nan,nan,0.519,nan,23.2,8.85
52378,92.1,-257,64.8,nan,nan,nan,0.519,nan,23.2,8.85
52379,92.1,-257,64.8,nan,nan,nan,0.519,nan,23.2,8.85
52380,92.1,-257,64.8,nan,nan,nan,0.519,nan,23.2,8.85
52381,92.1,-257,64.8,nan,nan,nan,0.519,nan,23.2,8.85
52382,92.1,-257,64.8,nan,nan,nan,0.519,nan,23.2,8.85
52383,92.1,-257,64.8,nan,nan,nan,0.519,nan,23.2,8.85
52384,92.1,-256,64.8,nan,nan,nan,0.519,nan,23.2,8.85
52385,92.1,-256,64.8,nan,nan,nan,0.519,nan,23.2,8.85
52386,92.1,-256,64.8,nan,nan,nan,0.519,nan,23.2,8.85
52387,92.1,-256,64.8,nan,nan,nan,0.519,nan,23.2,8.85
52388,92.1,-256,64.8,nan,nan,nan,0.519,nan,23.2,8.85
52389,92.1,-256,64.8,nan,nan,nan,0.519,nan,23.2,8.85
52390,92.1,-256,64.8,nan,nan,nan,0.519,nan,23.2,8.85
52391,92.1,-256,64.8,nan,nan,nan,0.519,nan,23.2,8.85
52392,92.1,-256,64.8,nan,nan,nan,0.522,nan,23.2,8.85
52393,92.1,-256,64.8,nan,nan,nan,0.522,nan,23.2,8.85
52394,92.1,-256,64.8,nan,nan,nan,0.522,nan,23.2,8.85
52395,92.1,-256,64.8,nan,nan,nan,0.522,nan,23.2,8.85
52396,92.1,-256,64.8,nan,nan,nan,0.522,nan,23.2,8.85
52397,92.1,-255,64.8,nan,nan,nan,0.522,nan,23.2,8.85
52398,92.1,-255,64.8,nan,nan,nan,0.522,nan,23.2,8.85
52399,92.1,-254,64.8,nan,nan,nan,0.527,nan,23.2,8.85
52400,92.1,-253,64.8,nan,nan,nan,0.527,nan,23.2,8.85
52401,92.1,-252,64.8,nan,nan,nan,0.527,nan,23.2,8.85
52402,92.1,-252,64.8,nan,nan,nan,0.527,nan,23.2,8.85
52403,92.1,-251,64.8,nan,nan,nan,0.527,nan,23.2,8.85
52404,92.1,-251,64.8,nan,nan,nan,0.527,nan,23.2,8.85
52405,92.1,-251,64.8,nan,nan,nan,0.527,nan,23.2,8.85
52406,92.1,-251,64.8,nan,nan,nan,0.527,nan,23.2,8.85
52407,92.1,-291,64.8,nan,nan,nan,0.522,nan,23.2,8.85
52408,92.05,-335,64.8,nan,nan,nan,29.1,67.882,23.2,8.85
52409,87.2,-336,64.8,nan,nan,nan,29.071,55.441,23.2,5.35
52410,82.6,-336,64.8,nan,nan,nan,27.85,48.177,23.2,9.95
52411,82.6,-336,64.8,nan,nan,nan,27.85,48.177,23.2,9.95
52412,82.6,-336,64.8,nan,nan,nan,27.85,48.177,23.2,9.95
52413,82.6,-336,64.8,nan,nan,nan,27.85,48.177,23.2,9.95
52414,82.6,-335,64.8,nan,nan,nan,27.85,43.052,23.2,9.95
52415,87.2,-335,64.8,nan,nan,nan,27.85,39.362,23.2,9.95
52416,87.2,-334,64.8,nan,nan,nan,26.747,39.362,23.2,9.95
52417,91.8,-334,64.8,nan,nan,nan,25.786,0.539,23.2,9.95
52418,91.8,-334,64.8,nan,nan,nan,25.786,0.548,23.2,9.95
52419,91.8,-341,64.8,nan,nan,nan,24.904,0.548,23.2,9.95
52420,84.8,-341,64.8,nan,nan,nan,24.123,0.548,23.2,9.95
52421,84.8,-341,64.8,nan,nan,nan,24.123,0.548,23.2,9.95
52422,84.8,-340,64.8,nan,nan,nan,24.123,0.548,23.2,9.95
52423,84.8,-339,64.8,nan,nan,nan,24.123,0.548,23.2,9.95
52424,84.8,-339,64.8,nan,nan,nan,24.123,0.577,23.2,9.95
52425,84.8,-339,64.8,nan,nan,nan,24.123,0.577,23.2,9.95
52426,84.8,-339,64.8,nan,nan,nan,24.123,0.707,23.2,9.95
52427,84.8,-339,64.8,nan,nan,nan,24.123,0.707,23.2,9.95
52428,84.8,-339,64.8,nan,nan,nan,24.123,nan,23.2,9.95
52429,84.8,-339,64.8,nan,nan,nan,24.123,nan,23.2,9.95
52430,84.8,-339,64.8,nan,nan,nan,24.123,nan,23.2,9.95
52431,84.8,-339,64.8,nan,nan,nan,24.123,nan,23.2,9.95
52432,84.8,-339,64.8,nan,nan,nan,24.123,nan,23.2,9.95
52433,84.8,-339,64.8,nan,nan,nan,24.123,nan,23.2,9.95
52434,84.8,-338,64.8,nan,nan,nan,24.123,nan,23.2,9.95
52435,84.8,-338,64.8,nan,nan,nan,24.123,nan,23.2,9.95
52436,84.8,-338,64.8,nan,nan,nan,24.123,nan,23.2,9.95
52437,84.8,-338,64.8,nan,nan,nan,24.123,nan,23.2,9.95
52438,84.8,-337,64.8,nan,nan,nan,24.123,nan,23.2,9.95
52439,84.8,-336,64.8,nan,nan,nan,23.396,nan,23.2,9.95
52440,86.0,-336,64.8,nan,nan,nan,22.744,0.707,23.2,9.95
52441,86.0,-335,64.8,nan,nan,nan,22.744,0.707,23.2,9.95
52442,86.0,-339,64.8,nan,nan,nan,22.132,0.577,23.2,9.95
52443,80.75,-339,64.8,nan,nan,nan,21.578,0.577,23.2,11.8
52444,80.75,-338,64.8,nan,nan,nan,21.578,0.577,23.2,11.8
52445,80.75,-338,64.8,nan,nan,nan,21.578,0.577,23.2,11.8
52446,80.75,-338,64.8,nan,nan,nan,21.578,0.577,23.2,11.8
52447,80.75,-338,64.8,nan,nan,nan,21.578,0.577,23.2,11.8
52448,80.75,-338,64.8,nan,nan,nan,21.578,0.577,23.2,11.8
52449,80.75,-338,64.8,nan,nan,nan,22.145,0.707,23.2,11.8
52450,80.75,-337,64.8,nan,nan,nan,22.132,0.577,23.2,11.8
52451,83.5,-337,64.8,nan,nan,nan,21.578,0.577,23.2,11.8
52452,83.5,-337,64.8,nan,nan,nan,21.578,0.707,23.2,11.8
52453,83.5,-336,64.8,nan,nan,nan,21.054,0.577,23.2,11.8
52454,85.9,-336,64.8,nan,nan,nan,20.575,0.577,23.2,11.8
52455,85.9,-336,64.8,nan,nan,nan,20.575,0.577,23.2,11.8
52456,85.9,-336,64.8,nan,nan,nan,21.064,0.577,23.2,11.8
52457,85.9,-336,64.8,nan,nan,nan,21.578,0.577,23.2,11.5
52458,85.9,-335,64.8,nan,nan,nan,21.054,0.548,23.2,11.5
52459,91.1,-335,64.8,nan,nan,nan,21.064,0.548,23.2,11.5
52460,91.1,-334,64.8,nan,nan,nan,21.578,0.577,23.2,11.35
52461,91.1,-334,64.8,nan,nan,nan,21.578,0.577,23.2,11.35
52462,91.1,-334,64.8,nan,nan,nan,21.578,0.577,23.2,11.35
52463,91.1,-334,64.8,nan,nan,nan,21.578,0.707,23.2,11.35
52464,91.1,-334,64.8,nan,nan,nan,21.578,0.707,23.2,11.35
52465,91.1,-333,64.8,nan,nan,nan,21.578,0.707,23.2,11.35
52466,91.1,-333,64.8,nan,nan,nan,21.578,0.707,23.2,11.35
52467,91.1,-333,64.8,nan,nan,nan,21.578,nan,23.2,11.35
52468,91.1,-333,64.8,nan,nan,nan,21.578,nan,23.2,11.35
52469,91.1,-333,64.8,nan,nan,nan,21.578,nan,23.2,11.35
52470,91.1,-332,64.8,nan,nan,nan,21.578,nan,23.2,11.35
52471,91.1,-332,64.8,nan,nan,nan,21.578,nan,23.2,11.35
52472,91.1,-331,64.8,nan,nan,nan,21.578,nan,23.2,11.35
52473,91.1,-330,64.8,nan,nan,nan,21.578,nan,23.2,11.35
52474,91.1,-330,64.8,nan,nan,nan,21.578,nan,23.2,11.35
52475,91.1,-330,64.8,nan,nan,nan,21.578,nan,23.2,11.35
52476,91.1,-329,64.8,nan,nan,nan,21.578,nan,23.2,11.35
52477,91.1,-375,64.8,nan,nan,nan,21.054,nan,23.2,11.35
52478,90.65,-374,64.8,nan,nan,nan,20.575,0.707,23.2,11.35
52479,90.65,-374,64.8,nan,nan,nan,20.575,0.707,23.2,11.35
52480,90.65,-374,64.8,nan,nan,nan,20.575,0.707,23.2,11.35
52481,90.65,-374,64.8,nan,nan,nan,20.575,0.707,23.2,11.35
52482,90.65,-373,64.8,nan,nan,nan,20.575,0.707,23.2,11.35
52483,90.65,-372,64.8,nan,nan,nan,20.575,0.707,23.2,11.35
52484,90.65,-371,64.8,nan,nan,nan,20.575,0.707,23.2,11.35
52485,90.65,-377,64.8,nan,nan,nan,20.119,0.577,23.2,11.35
52486,82.95,-377,64.8,nan,nan,nan,19.7,0.577,23.2,11.35
52487,82.95,-377,64.8,nan,nan,nan,19.7,0.707,23.2,11.35
52488,82.95,-377,64.8,nan,nan,nan,19.7,0.707,23.2,11.35
52489,82.95,-380,64.8,nan,nan,nan,19.298,0.577,23.2,11.35
52490,81.95,-380,64.8,nan,nan,nan,18.928,0.577,23.2,11.35
52491,81.95,-383,64.8,nan,nan,nan,18.571,0.548,23.2,11.35
52492,77.85,-382,64.8,nan,nan,nan,18.24,0.548,23.2,14.25
52493,77.85,-382,64.8,nan,nan,nan,18.24,0.548,23.2,14.25
52494,77.85,-381,64.8,nan,nan,nan,18.24,0.548,23.2,14.25
52495,77.85,-381,64.8,nan,nan,nan,18.24,0.577,23.2,14.25
52496,77.85,-380,64.8,nan,nan,nan,17.92,0.548,23.2,14.25
52497,81.95,-379,64.8,nan,nan,nan,17.616,0.516,23.2,14.25
52498,86.05,-380,64.8,nan,nan,nan,17.341,0.816,23.2,14.25
52499,81.95,-381,64.8,nan,nan,nan,17.066,0.837,23.2,14.25
52500,77.85,-381,64.84,nan,nan,nan,16.808,0.816,23.2,14.25
52501,77.85,-380,64.84,nan,nan,nan,16.557,0.837,23.2,14.25
52502,81.95,-380,64.84,nan,nan,nan,16.321,0.787,23.2,14.25
52503,81.95,-379,64.84,nan,nan,nan,16.091,0.756,23.2,14.25
52504,86.05,-379,64.84,nan,nan,nan,15.874,0.726,23.2,14.25
52505,86.05,-378,64.84,nan,nan,nan,15.874,0.744,23.2,14.25
52506,86.05,-378,64.84,nan,nan,nan,16.095,0.756,23.2,14.25
52507,86.05,-394,64.84,nan,nan,nan,0.559,0.535,23.2,14.2
52508,79.75,-394,64.84,nan,nan,nan,0.56,0.535,23.2,13.95
52509,79.75,-394,64.84,nan,nan,nan,0.562,0.548,23.2,13.95
52510,79.75,-393,64.84,nan,nan,nan,0.562,0.548,23.2,13.95
52511,79.75,-393,64.84,nan,nan,nan,0.562,0.577,23.2,13.95
52512,79.75,-393,64.84,nan,nan,nan,0.562,0.577,23.2,13.95
52513,79.75,-393,64.84,nan,nan,nan,0.563,0.707,23.2,13.95
52514,79.75,-393,64.84,nan,nan,nan,0.566,0.707,23.2,13.95
52515,79.75,-393,64.84,nan,nan,nan,0.567,0.707,23.2,13.95
52516,79.75,-393,64.84,nan,nan,nan,0.57,nan,23.2,13.95
52517,79.75,-393,64.84,nan,nan,nan,0.57,nan,23.2,13.95
52518,79.75,-392,64.84,nan,nan,nan,0.571,nan,23.2,13.95
52519,79.75,-391,64.84,nan,nan,nan,0.574,nan,23.2,13.25
52520,79.75,-391,64.84,nan,nan,nan,0.574,nan,23.2,13.25
52521,79.75,-392,64.84,nan,nan,nan,0.572,nan,23.2,13.25
52522,75.5,-391,64.84,nan,nan,nan,0.638,1.539,23.2,15.6
52523,80.5,-391,64.84,nan,nan,nan,0.633,1.089,23.2,15.6
52524,80.5,-391,64.84,nan,nan,nan,0.633,1.089,23.2,15.6
52525,80.5,-390,64.84,nan,nan,nan,0.633,1.089,23.2,15.6
52526,80.5,-390,64.84,nan,nan,nan,0.633,1.089,23.2,15.6
52527,80.5,-390,64.84,nan,nan,nan,0.633,1.089,23.2,15.6
52528,80.5,-390,64.84,nan,nan,nan,0.633,1.089,23.2,15.6
52529,80.5,-392,64.84,nan,nan,nan,0.631,1.035,23.2,15.6
52530,72.9,-391,64.84,nan,nan,nan,0.636,0.901,23.2,18.2
52531,75.5,-396,64.84,nan,nan,nan,0.741,1.213,23.2,18.2
52532,70.5,-396,64.84,nan,nan,nan,0.733,1.213,23.2,20.6
52533,70.5,-395,64.84,nan,nan,nan,0.733,1.213,23.2,20.6
52534,70.5,-394,64.84,nan,nan,nan,0.733,1.213,23.2,20.6
52535,70.5,-393,64.84,nan,nan,nan,0.733,1.213,23.2,20.6
52536,70.5,-393,64.84,nan,nan,nan,0.733,1.213,23.2,20.6
52537,70.5,-393,64.84,nan,nan,nan,0.733,1.213,23.2,20.6
52538,70.5,-392,64.84,nan,nan,nan,0.735,1.026,23.2,20.6
52539,70.5,-392,64.84,nan,nan,nan,0.744,1.36,23.2,20.6
52540,70.5,-392,64.84,nan,nan,nan,0.744,nan,23.2,20.6
52541,70.5,-392,64.84,nan,nan,nan,0.746,nan,23.2,20.6
52542,70.5,-392,64.84,nan,nan,nan,0.756,nan,23.2,20.6
52543,70.5,-392,64.84,nan,nan,nan,0.756,nan,23.2,20.6
52544,70.5,-392,64.84,nan,nan,nan,0.756,nan,23.2,20.6
52545,70.5,-391,64.84,nan,nan,nan,0.753,nan,23.2,20.6
52546,75.5,-391,64.84,nan,nan,nan,0.744,0.707,23.2,20.6
52547,75.5,-391,64.84,nan,nan,nan,0.744,0.707,23.2,20.6
52548,75.5,-391,64.84,nan,nan,nan,0.744,0.707,23.2,20.6
52549,75.5,-391,64.84,nan,nan,nan,0.746,0.707,23.2,20.6
52550,75.5,-390,64.84,nan,nan,nan,0.753,0.577,23.2,20.6
52551,80.5,-400,64.84,nan,nan,nan,0.808,1.191,23.2,20.6
52552,72.9,-400,64.84,nan,nan,nan,0.8,1.033,23.2,20.6
52553,72.9,-400,64.84,nan,nan,nan,0.811,1.033,23.2,20.6
52554,72.9,-399,64.84,nan,nan,nan,0.811,1.04,23.2,20.6
52555,72.9,-398,64.84,nan,nan,nan,0.811,1.269,23.2,20.6
52556,72.9,-397,64.84,nan,nan,nan,0.811,1.269,23.2,20.6
52557,72.9,-397,64.84,nan,nan,nan,0.813,1.269,23.2,20.6
52558,72.9,-396,64.84,nan,nan,nan,0.825,1.269,23.2,20.6
52559,72.9,-396,64.84,nan,nan,nan,0.825,1.075,23.2,20.6
52560,72.9,-395,64.84,nan,nan,nan,0.825,nan,23.2,20.6
52561,72.9,-395,64.84,nan,nan,nan,0.825,nan,23.2,20.6
52562,72.9,-395,64.84,nan,nan,nan,0.825,nan,23.2,20.6
52563,72.9,-394,64.84,nan,nan,nan,0.825,nan,23.2,20.6
52564,72.9,-394,64.84,nan,nan,nan,0.825,nan,23.2,20.6
52565,72.9,-394,64.84,nan,nan,nan,0.825,nan,23.2,20.6
52566,72.9,-394,64.84,nan,nan,nan,0.825,nan,23.2,20.6
52567,72.9,-396,64.84,nan,nan,nan,0.822,nan,23.2,20.6
52568,69.1,-396,64.84,nan,nan,nan,0.811,0.707,23.65,22.0
52569,69.1,-396,64.84,nan,nan,nan,0.811,0.707,23.65,22.0
52570,69.1,-395,64.84,nan,nan,nan,0.808,0.577,23.65,22.0
52571,72.7,-395,64.84,nan,nan,nan,0.798,0.577,23.65,22.0
52572,72.7,-394,64.84,nan,nan,nan,0.795,0.548,23.65,22.0
52573,76.4,-393,64.84,nan,nan,nan,0.786,0.548,23.65,22.0
52574,76.4,-392,64.84,nan,nan,nan,0.786,0.548,23.65,22.0
52575,76.4,-392,64.84,nan,nan,nan,0.786,0.548,23.65,22.0
52576,76.4,-392,64.84,nan,nan,nan,0.788,0.548,23.65,22.0
52577,76.4,-391,64.84,nan,nan,nan,0.795,0.548,23.65,21.55
52578,79.0,-391,64.84,nan,nan,nan,0.786,0.548,23.65,21.55
52579,79.0,-391,64.84,nan,nan,nan,0.786,0.548,23.65,21.55
52580,79.0,-390,64.84,nan,nan,nan,0.786,0.577,23.65,21.55
52581,79.0,-390,64.84,nan,nan,nan,0.786,0.577,23.65,21.55
52582,79.0,-390,64.84,nan,nan,nan,0.786,0.707,23.65,21.55
52583,79.0,-389,64.84,nan,nan,nan,0.786,0.707,23.65,21.55
52584,79.0,-389,64.84,nan,nan,nan,0.788,0.707,23.65,21.55
52585,79.0,-389,64.84,nan,nan,nan,0.798,0.707,23.65,16.95
52586,79.0,-389,64.84,nan,nan,nan,0.798,nan,23.65,16.95
52587,79.0,-389,64.84,nan,nan,nan,0.798,nan,23.65,16.95
52588,79.0,-391,64.84,nan,nan,nan,0.798,nan,23.65,16.95
52589,71.95,-391,64.84,nan,nan,nan,0.798,0.707,23.65,16.95
52590,71.95,-391,64.84,nan,nan,nan,0.8,0.707,23.65,16.95
52591,71.95,-391,64.84,nan,nan,nan,0.811,0.707,23.65,16.95
52592,71.95,-390,64.84,nan,nan,nan,0.808,0.577,23.65,16.95
52593,75.3,-390,64.84,nan,nan,nan,0.798,0.577,23.65,16.95
52594,75.3,-389,64.84,nan,nan,nan,0.795,0.548,23.65,16.95
52595,80.4,-389,64.84,nan,nan,nan,0.788,0.548,23.65,16.95
52596,80.4,-389,64.84,nan,nan,nan,0.789,0.548,23.65,16.95
52597,80.4,-388,64.84,nan,nan,nan,0.77,0.548,23.65,16.95
52598,80.4,-388,64.84,nan,nan,nan,0.771,0.577,23.65,16.95
52599,80.4,-388,64.84,nan,nan,nan,0.782,0.577,23.65,16.95
52600,80.4,-388,64.84,nan,nan,nan,0.784,0.577,23.65,16.95
52601,80.4,-388,64.84,nan,nan,nan,0.796,0.577,23.65,16.95
52602,80.4,-388,64.84,nan,nan,nan,0.797,0.707,23.65,16.95
52603,80.4,-388,64.84,nan,nan,nan,0.811,nan,23.65,16.95
52604,80.4,-387,64.84,nan,nan,nan,0.811,nan,23.65,16.95
52605,80.4,-387,64.84,nan,nan,nan,0.811,nan,23.65,16.95
52606,80.4,-386,64.84,nan,nan,nan,0.812,nan,23.65,16.95
52607,80.4,-386,64.84,nan,nan,nan,0.827,nan,23.65,11.4
52608,80.4,-386,64.84,nan,nan,nan,0.827,nan,23.65,11.4
52609,80.4,-386,64.84,nan,nan,nan,0.827,nan,23.65,11.4
52610,80.4,-386,64.84,nan,nan,nan,0.827,nan,23.65,11.4
52611,80.4,-386,64.84,nan,nan,nan,0.827,nan,23.65,11.4
52612,80.4,-386,64.84,nan,nan,nan,0.827,nan,23.65,11.4
52613,80.4,-386,64.84,nan,nan,nan,0.827,nan,23.65,11.4
52614,80.4,-385,64.84,nan,nan,nan,0.827,nan,23.65,11.4
52615,80.4,-385,64.84,nan,nan,nan,0.827,nan,23.65,11.4
52616,80.4,-385,64.84,nan,nan,nan,0.827,nan,23.65,11.4
52617,80.4,-385,64.84,nan,nan,nan,0.827,nan,23.65,11.4
52618,80.4,-385,64.84,nan,nan,nan,0.827,nan,23.65,11.4
52619,80.4,-385,64.84,nan,nan,nan,0.827,nan,23.65,11.4
52620,80.4,-384,64.84,nan,nan,nan,0.829,nan,23.65,11.4
52621,80.4,-384,64.84,nan,nan,nan,0.794,nan,23.65,11.4
52622,80.4,-384,64.84,nan,nan,nan,0.81,nan,23.65,11.4
52623,80.4,-389,64.84,nan,nan,nan,0.806,nan,23.65,11.4
52624,72.65,-389,64.84,nan,nan,nan,0.792,0.707,23.65,11.4
52625,72.65,-389,64.84,nan,nan,nan,0.792,0.707,23.65,11.4
52626,72.65,-389,64.84,nan,nan,nan,0.792,0.707,23.65,11.4
52627,72.65,-389,64.84,nan,nan,nan,0.792,0.707,23.65,11.4
52628,72.65,-389,64.84,nan,nan,nan,0.794,0.707,23.65,11.4
52629,72.65,-388,64.84,nan,nan,nan,0.798,0.577,23.65,11.4
52630,76.35,-387,64.84,nan,nan,nan,0.645,0.577,23.65,11.4
52631,76.35,-387,64.84,nan,nan,nan,0.654,0.577,23.65,11.4
52632,76.35,-387,64.84,nan,nan,nan,0.654,0.577,23.65,11.4
52633,76.35,-386,64.84,nan,nan,nan,0.654,0.707,23.65,11.4
52634,76.35,-385,64.84,nan,nan,nan,0.654,0.707,23.65,11.4
52635,76.35,-385,64.84,nan,nan,nan,0.654,0.707,23.65,11.4
52636,76.35,-385,64.84,nan,nan,nan,0.654,0.707,23.65,11.4
52637,76.35,-387,64.84,nan,nan,nan,0.651,0.577,23.65,11.4
52638,70.7,-386,64.84,nan,nan,nan,0.656,0.699,23.65,11.4
52639,72.65,-386,64.84,nan,nan,nan,0.647,0.699,23.65,11.4
52640,72.65,-386,64.84,nan,nan,nan,0.647,0.699,23.65,11.4
52641,72.65,-386,64.84,nan,nan,nan,0.647,0.699,23.65,11.4
52642,72.65,-386,64.84,nan,nan,nan,0.647,0.699,23.65,11.4
52643,72.65,-386,64.84,nan,nan,nan,0.647,0.699,23.65,11.4
52644,72.65,-386,64.84,nan,nan,nan,0.648,0.699,23.65,11.4
52645,72.65,-385,64.84,nan,nan,nan,0.656,0.691,23.65,11.4
52646,74.55,-385,64.84,nan,nan,nan,0.647,0.581,23.65,11.4
52647,74.55,-385,64.84,nan,nan,nan,0.647,0.577,23.65,11.4
52648,74.55,-385,64.84,nan,nan,nan,0.647,0.707,23.65,11.4
52649,74.55,-388,64.84,nan,nan,nan,0.647,0.577,23.65,11.4
52650,69.85,-388,64.84,nan,nan,nan,0.525,0.577,23.65,11.4
52651,69.85,-388,64.84,nan,nan,nan,0.528,0.577,23.65,11.3
52652,69.85,-387,64.84,nan,nan,nan,0.528,0.548,23.65,11.3
52653,70.3,-387,64.84,nan,nan,nan,0.526,0.548,23.65,11.3
52654,70.3,-397,64.84,nan,nan,nan,0.526,0.548,23.65,11.3
52655,63.95,-397,64.84,nan,nan,nan,0.524,0.548,28.8,16.45
52656,63.95,-396,64.84,nan,nan,nan,0.524,0.535,28.8,16.45
52657,65.4,-395,64.84,nan,nan,nan,0.523,0.535,28.8,16.45
52658,65.4,-394,64.84,nan,nan,nan,0.522,0.535,28.8,16.45
52659,66.1,-394,64.84,nan,nan,nan,0.521,0.535,28.8,16.45
52660,66.1,-394,64.84,nan,nan,nan,0.521,0.535,28.8,16.45
52661,66.1,-394,64.84,nan,nan,nan,0.521,0.535,28.8,16.45
52662,66.1,-394,64.84,nan,nan,nan,0.521,0.548,28.8,16.45
52663,66.1,-394,64.84,nan,nan,nan,0.521,0.548,28.8,16.45
52664,66.1,-394,64.84,nan,nan,nan,0.521,0.577,28.8,16.45
52665,66.1,-393,64.84,nan,nan,nan,0.521,0.577,28.8,16.45
52666,66.1,-392,64.84,nan,nan,nan,0.521,0.707,28.8,16.45
52667,66.1,-392,64.84,nan,nan,nan,0.523,nan,28.8,16.45
52668,66.1,-391,64.84,nan,nan,nan,0.523,nan,28.8,16.45
52669,66.1,-391,64.84,nan,nan,nan,0.522,nan,28.8,16.45
52670,66.1,-391,64.84,nan,nan,nan,0.524,nan,28.8,16.45
52671,66.1,-391,64.84,nan,nan,nan,0.524,nan,28.8,16.45
52672,66.1,-391,64.84,nan,nan,nan,0.526,nan,28.8,16.45
52673,66.1,-391,64.84,nan,nan,nan,0.526,nan,28.8,16.45
52674,66.1,-391,64.84,nan,nan,nan,0.526,nan,28.8,16.45
52675,66.1,-391,64.84,nan,nan,nan,0.526,nan,28.8,16.45
52676,66.1,-391,64.84,nan,nan,nan,0.525,nan,28.8,16.45
52677,66.1,-391,64.84,nan,nan,nan,0.528,nan,28.8,16.45
52678,66.1,-390,64.84,nan,nan,nan,0.528,nan,28.8,16.45
52679,66.45,-389,64.84,nan,nan,nan,0.526,0.707,28.8,16.45
52680,66.45,-388,64.84,nan,nan,nan,0.526,0.577,28.8,16.45
52681,66.65,-388,64.84,nan,nan,nan,0.524,0.577,28.8,16.45
52682,66.65,-387,64.84,nan,nan,nan,0.524,0.577,28.8,16.45
52683,66.65,-386,64.84,nan,nan,nan,0.524,0.548,28.8,16.45
52684,66.75,-386,64.84,nan,nan,nan,0.523,0.548,28.8,16.45
52685,66.75,-386,64.84,nan,nan,nan,0.523,0.548,28.8,16.45
52686,66.75,-386,64.84,nan,nan,nan,0.523,0.548,28.8,16.45
52687,66.75,-385,64.84,nan,nan,nan,0.523,0.548,28.8,16.45
52688,68.75,-385,64.84,nan,nan,nan,0.523,0.548,28.8,16.45
52689,68.75,-384,64.84,nan,nan,nan,0.523,0.548,28.8,16.45
52690,68.75,-383,64.84,nan,nan,nan,0.522,0.548,28.8,16.45
52691,71.55,-387,64.84,nan,nan,nan,0.621,0.987,28.8,16.45
52692,67.35,-387,64.84,nan,nan,nan,0.621,0.917,28.8,16.45
52693,67.35,-387,64.84,nan,nan,nan,0.622,1.025,28.8,16.45
52694,67.35,-387,64.84,nan,nan,nan,0.628,1.025,28.8,16.45
52695,67.35,-386,64.84,nan,nan,nan,0.628,1.025,28.8,16.45
52696,67.35,-386,64.84,nan,nan,nan,0.628,1.031,28.8,16.45
52697,67.35,-385,64.84,nan,nan,nan,0.628,1.258,28.8,16.45
52698,67.35,-385,64.84,nan,nan,nan,0.628,1.258,28.8,16.45
52699,67.35,-385,64.84,nan,nan,nan,0.628,1.061,28.8,16.45
52700,67.35,-384,64.84,nan,nan,nan,0.628,nan,28.8,16.45
52701,67.35,-384,64.84,nan,nan,nan,0.628,nan,28.8,16.45
52702,67.35,-384,64.84,nan,nan,nan,0.628,nan,28.8,16.45
52703,67.35,-384,64.84,nan,nan,nan,0.628,nan,28.8,16.45
52704,67.35,-384,64.84,nan,nan,nan,0.628,nan,28.8,16.45
52705,67.35,-384,64.84,nan,nan,nan,0.628,nan,28.8,16.45
52706,67.35,-383,64.84,nan,nan,nan,0.627,nan,28.8,16.45
52707,71.55,-383,64.84,nan,nan,nan,0.621,0.707,28.8,16.45
52708,71.55,-382,64.84,nan,nan,nan,0.62,0.577,28.8,16.45
52709,75.75,-382,64.84,nan,nan,nan,0.615,0.577,28.8,16.45
52710,75.75,-382,64.84,nan,nan,nan,0.615,0.577,28.8,16.45
52711,75.75,-382,64.84,nan,nan,nan,0.615,0.577,28.8,16.45
52712,75.75,-382,64.84,nan,nan,nan,0.615,0.577,28.8,16.45
52713,75.75,-382,64.84,nan,nan,nan,0.615,0.577,28.8,16.45
52714,75.75,-382,64.84,nan,nan,nan,0.615,0.577,28.8,16.45
52715,75.75,-382,64.84,nan,nan,nan,0.615,0.577,28.8,16.45
52716,75.75,-382,64.84,nan,nan,nan,0.615,0.707,28.8,16.45
52717,75.75,-382,64.84,nan,nan,nan,0.615,nan,28.8,16.45
52718,75.75,-381,64.84,nan,nan,nan,0.614,nan,28.8,16.45
52719,78.4,-381,64.84,nan,nan,nan,0.609,0.707,28.8,16.45
52720,78.4,-380,64.84,nan,nan,nan,0.609,0.707,28.8,16.45
52721,78.4,-380,64.84,nan,nan,nan,0.609,0.707,28.8,16.45
52722,78.4,-380,64.84,nan,nan,nan,0.61,0.707,28.8,16.45
52723,78.4,-380,64.84,nan,nan,nan,0.615,0.707,28.8,14.45
52724,78.4,-380,64.84,nan,nan,nan,0.615,0.707,28.8,14.45
52725,78.4,-379,64.84,nan,nan,nan,0.615,0.707,28.8,14.45
52726,78.4,-379,64.84,nan,nan,nan,0.615,0.707,28.8,14.45
52727,78.4,-379,64.84,nan,nan,nan,0.615,nan,28.8,14.45
52728,78.4,-379,64.84,nan,nan,nan,0.616,nan,28.8,14.45
52729,78.4,-378,64.84,nan,nan,nan,0.621,nan,28.8,14.45
52730,78.4,-378,64.84,nan,nan,nan,0.621,nan,28.8,14.45
52731,78.4,-378,64.84,nan,nan,nan,0.621,nan,28.8,14.45
52732,78.4,-378,64.84,nan,nan,nan,0.621,nan,28.8,14.45
52733,78.4,-378,64.84,nan,nan,nan,0.621,nan,28.8,14.45
52734,78.4,-378,64.84,nan,nan,nan,0.621,nan,28.8,14.45
52735,78.4,-377,64.84,nan,nan,nan,0.62,nan,28.8,14.45
52736,80.6,-377,64.84,nan,nan,nan,0.616,0.707,28.8,16.65
52737,80.6,-377,64.84,nan,nan,nan,0.611,0.707,28.8,16.65
52738,80.6,-376,64.84,nan,nan,nan,0.614,0.577,28.8,16.65
52739,85.35,-375,64.84,nan,nan,nan,0.609,0.577,28.8,21.4
52740,85.35,-375,64.84,nan,nan,nan,0.609,0.577,28.8,21.4
52741,85.35,-375,64.84,nan,nan,nan,0.609,0.577,28.8,21.4
52742,85.35,-374,64.84,nan,nan,nan,0.609,0.577,28.8,21.4
52743,85.35,-374,64.84,nan,nan,nan,0.609,0.577,28.8,21.4
52744,85.35,-373,64.84,nan,nan,nan,0.611,0.577,28.8,21.4
52745,85.35,-373,64.84,nan,nan,nan,0.616,0.707,28.8,21.4
52746,85.35,-372,64.84,nan,nan,nan,0.614,0.577,28.8,21.4
52747,87.85,-372,64.84,nan,nan,nan,0.609,0.577,28.8,23.9
52748,87.85,-372,64.84,nan,nan,nan,0.611,0.707,28.8,23.9
52749,87.85,-372,64.84,nan,nan,nan,0.616,0.707,28.8,23.9
52750,87.85,-372,64.84,nan,nan,nan,0.616,0.707,28.8,23.9
52751,87.85,-372,64.84,nan,nan,nan,0.617,0.707,28.8,23.9
52752,87.85,-372,64.84,nan,nan,nan,0.623,0.707,28.8,23.9
52753,87.85,-372,64.84,nan,nan,nan,0.624,0.707,28.8,23.9
52754,87.85,-372,64.84,nan,nan,nan,0.631,0.707,28.8,23.9
52755,87.85,-371,64.84,nan,nan,nan,0.633,nan,28.8,23.9
52756,87.85,-371,64.84,nan,nan,nan,0.64,nan,28.8,22.45
52757,87.85,-371,64.84,nan,nan,nan,0.642,nan,28.8,22.45
52758,87.85,-370,64.84,nan,nan,nan,0.651,nan,28.8,21.75
52759,87.85,-370,64.84,nan,nan,nan,0.651,nan,28.8,21.75
52760,87.85,-370,64.84,nan,nan,nan,0.651,nan,28.8,21.75
52761,87.85,-384,64.84,nan,nan,nan,0.648,nan,28.8,21.75
52762,79.3,-384,64.84,nan,nan,nan,0.64,0.707,28.8,21.75
52763,79.3,-384,64.84,nan,nan,nan,0.64,0.707,28.8,21.75
52764,79.3,-383,64.84,nan,nan,nan,0.638,0.577,28.8,21.75
52765,83.4,-383,64.84,nan,nan,nan,0.631,0.577,28.8,21.75
52766,83.4,-383,64.84,nan,nan,nan,0.631,0.577,28.8,21.75
52767,83.4,-383,64.84,nan,nan,nan,0.631,0.577,28.8,21.75
52768,83.4,-382,64.84,nan,nan,nan,0.631,0.577,28.8,21.75
52769,83.4,-382,64.84,nan,nan,nan,0.631,0.577,28.8,21.75
52770,83.4,-381,64.84,nan,nan,nan,0.631,0.577,28.8,21.75
52771,83.4,-381,64.84,nan,nan,nan,0.631,0.707,28.8,21.75
52772,83.4,-381,64.84,nan,nan,nan,0.631,0.707,28.8,21.75
52773,83.4,-381,64.84,nan,nan,nan,0.631,nan,28.8,21.75
52774,83.4,-381,64.84,nan,nan,nan,0.631,nan,28.8,21.75
52775,83.4,-381,64.84,nan,nan,nan,0.631,nan,28.8,21.75
52776,83.4,-381,64.84,nan,nan,nan,0.631,nan,28.8,21.75
52777,83.4,-381,64.84,nan,nan,nan,0.633,nan,28.8,21.75
52778,83.4,-381,64.84,nan,nan,nan,0.64,nan,28.8,21.4
52779,83.4,-381,64.84,nan,nan,nan,0.642,nan,28.8,21.4
52780,83.4,-384,64.84,nan,nan,nan,0.648,nan,28.8,21.2
52781,77.15,-384,64.84,nan,nan,nan,0.64,0.707,28.8,21.2
52782,77.15,-383,64.84,nan,nan,nan,0.642,0.707,28.8,21.2
52783,77.15,-383,64.84,nan,nan,nan,0.651,0.707,28.8,21.1
52784,77.15,-383,64.84,nan,nan,nan,0.651,0.707,28.8,21.1
52785,77.15,-385,64.84,nan,nan,nan,0.648,0.577,28.8,21.1
52786,70.0,-385,64.84,nan,nan,nan,0.642,0.577,28.8,21.1
52787,70.0,-384,64.84,nan,nan,nan,0.648,0.548,28.8,20.5
52788,72.95,-383,64.84,nan,nan,nan,0.681,0.659,28.8,20.5
52789,77.9,-383,64.84,nan,nan,nan,0.679,0.716,28.8,20.5
52790,77.9,-383,64.84,nan,nan,nan,0.556,0.726,28.8,20.5
52791,77.9,-382,64.84,nan,nan,nan,0.552,0.659,28.8,20.5
52792,80.05,-382,64.84,nan,nan,nan,0.553,0.669,28.8,20.5
52793,80.05,-381,64.84,nan,nan,nan,0.553,0.669,28.8,20.5
52794,80.05,-381,64.84,nan,nan,nan,0.553,0.716,28.8,20.5
52795,80.05,-381,64.84,nan,nan,nan,0.553,0.726,28.8,20.5
52796,80.05,-381,64.84,nan,nan,nan,0.553,0.821,28.8,20.5
52797,80.05,-381,64.84,nan,nan,nan,0.553,0.577,28.8,20.5
52798,80.05,-380,64.84,nan,nan,nan,0.549,0.577,28.8,20.5
52799,81.75,-380,64.84,nan,nan,nan,0.549,0.577,28.8,20.5
52800,81.75,-379,64.84,nan,nan,nan,0.549,0.577,28.8,20.5
52801,81.75,-379,64.84,nan,nan,nan,0.549,0.707,28.8,20.5
52802,81.75,-382,64.84,nan,nan,nan,0.546,0.577,28.8,20.5
52803,77.15,-381,64.84,nan,nan,nan,0.546,0.577,28.8,20.5
52804,77.15,-381,64.84,nan,nan,nan,0.546,0.577,28.8,20.5
52805,77.15,-380,64.84,nan,nan,nan,0.546,0.548,28.8,20.5
52806,80.05,-379,64.84,nan,nan,nan,0.536,0.49,28.8,17.85
52807,81.75,-379,64.84,nan,nan,nan,0.539,0.496,28.8,17.85
52808,81.75,-379,64.84,nan,nan,nan,0.539,0.501,28.8,17.85
52809,81.75,-379,64.84,nan,nan,nan,0.539,0.501,28.8,17.85
52810,81.75,-379,64.84,nan,nan,nan,0.539,0.501,28.8,17.85
52811,81.75,-378,64.84,nan,nan,nan,0.539,0.488,28.8,17.85
52812,81.75,-378,64.84,nan,nan,nan,0.539,0.502,28.8,17.85
52813,81.75,-378,64.84,nan,nan,nan,0.539,0.502,28.8,17.85
52814,81.75,-378,64.84,nan,nan,nan,0.539,0.415,28.8,17.85
52815,81.75,-378,64.84,nan,nan,nan,0.539,nan,28.8,17.85
52816,81.75,-378,64.84,nan,nan,nan,0.539,nan,28.8,17.85
52817,81.75,-377,64.84,nan,nan,nan,0.541,nan,28.8,17.85
52818,81.75,-377,64.84,nan,nan,nan,0.542,nan,28.8,17.85
52819,81.75,-377,64.84,nan,nan,nan,0.542,nan,28.8,17.85
52820,81.75,-377,64.84,nan,nan,nan,0.542,nan,28.8,17.85
52821,81.75,-377,64.84,nan,nan,nan,0.542,nan,28.8,17.85
52822,81.75,-377,64.84,nan,nan,nan,0.542,nan,28.8,17.85
52823,81.75,-376,64.84,nan,nan,nan,0.542,nan,28.8,17.85
52824,81.75,-376,64.84,nan,nan,nan,0.542,nan,28.8,17.85
52825,81.75,-380,64.84,nan,nan,nan,0.538,nan,28.8,17.85
52826,77.15,-380,64.84,nan,nan,nan,0.539,0.707,28.8,17.85
52827,77.15,-379,64.84,nan,nan,nan,0.539,0.707,28.8,17.85
52828,77.15,-378,64.84,nan,nan,nan,0.539,0.707,28.8,17.85
52829,77.15,-378,64.84,nan,nan,nan,0.539,0.707,28.8,17.85
52830,77.15,-378,64.84,nan,nan,nan,0.539,0.707,28.8,17.85
52831,77.15,-378,64.84,nan,nan,nan,0.539,0.707,28.8,17.85
52832,77.15,-378,64.84,nan,nan,nan,0.539,0.707,28.8,17.85
52833,77.15,-377,64.84,nan,nan,nan,0.536,0.577,28.8,17.85
52834,80.05,-376,64.84,nan,nan,nan,0.539,0.577,28.8,17.85
52835,80.05,-376,64.84,nan,nan,nan,0.539,0.707,28.8,17.85
52836,80.05,-376,64.84,nan,nan,nan,0.539,0.707,28.8,17.85
52837,80.05,-376,64.84,nan,nan,nan,0.541,0.707,28.8,17.85
52838,80.05,-376,64.84,nan,nan,nan,0.542,0.707,28.8,17.85
52839,80.05,-376,64.84,nan,nan,nan,0.542,0.707,28.8,17.85
52840,80.05,-375,64.84,nan,nan,nan,0.542,0.707,28.8,17.85
52841,80.05,-374,64.84,nan,nan,nan,0.542,0.707,28.8,17.85
52842,80.05,-374,64.84,nan,nan,nan,0.542,nan,28.8,17.85
52843,80.05,-374,64.84,nan,nan,nan,0.542,nan,28.8,17.85
52844,80.05,-374,64.84,nan,nan,nan,0.542,nan,28.8,17.85
52845,80.05,-374,64.84,nan,nan,nan,0.545,nan,28.8,17.85
52846,80.05,-374,64.84,nan,nan,nan,0.545,nan,28.8,17.85
52847,80.05,-373,64.84,nan,nan,nan,0.545,nan,28.8,17.85
52848,80.05,-373,64.84,nan,nan,nan,0.545,nan,28.8,17.85
52849,80.05,-373,64.84,nan,nan,nan,0.545,nan,28.8,17.85
52850,80.05,-372,64.84,nan,nan,nan,0.545,nan,28.8,17.85
52851,80.05,-372,64.84,nan,nan,nan,0.545,nan,28.8,17.85
52852,80.05,-372,64.84,nan,nan,nan,0.545,nan,28.8,17.85
52853,80.05,-371,64.84,nan,nan,nan,0.541,nan,28.8,17.85
52854,83.85,-372,64.84,nan,nan,nan,0.668,1.768,28.8,17.85
52855,78.15,-372,64.84,nan,nan,nan,0.661,1.258,28.8,17.85
52856,78.15,-372,64.84,nan,nan,nan,0.661,1.258,28.8,17.85
52857,78.15,-372,64.84,nan,nan,nan,0.661,1.258,28.8,17.85
52858,78.15,-372,64.84,nan,nan,nan,0.661,1.258,28.8,17.85
52859,78.15,-372,64.84,nan,nan,nan,0.661,1.258,28.8,17.85
52860,78.15,-372,64.84,nan,nan,nan,0.666,1.258,28.8,17.85
52861,78.15,-371,64.84,nan,nan,nan,0.668,1.181,28.8,13.85
52862,83.85,-371,64.84,nan,nan,nan,0.661,1.031,28.8,13.85
52863,83.85,-371,64.84,nan,nan,nan,0.666,0.577,28.8,13.85
52864,83.85,-370,64.84,nan,nan,nan,0.668,0.577,28.8,13.85
52865,89.55,-374,64.84,nan,nan,nan,0.761,1.194,28.8,19.55
52866,80.85,-374,64.84,nan,nan,nan,0.751,1.035,28.8,19.55
52867,80.85,-374,64.84,nan,nan,nan,0.751,1.035,28.8,19.55
52868,80.85,-373,64.84,nan,nan,nan,0.746,0.997,28.8,19.55
52869,85.0,-372,64.84,nan,nan,nan,0.737,0.914,28.8,19.55
52870,85.05,-372,64.84,nan,nan,nan,0.728,0.846,28.8,19.55
52871,85.05,-371,64.84,nan,nan,nan,0.728,0.926,28.8,19.55
52872,85.05,-372,64.84,nan,nan,nan,0.724,0.914,28.8,19.55
52873,85.0,-372,64.84,nan,nan,nan,0.716,0.846,28.8,19.55
52874,85.0,-372,64.84,nan,nan,nan,0.716,0.515,28.8,19.55
52875,85.0,-372,64.84,nan,nan,nan,0.716,0.546,28.8,19.55
52876,85.0,-371,64.84,nan,nan,nan,0.713,0.546,28.8,19.55
52877,85.05,-371,64.84,nan,nan,nan,0.706,0.515,28.8,19.55
52878,85.05,-371,64.84,nan,nan,nan,0.706,0.548,28.8,19.55
52879,85.05,-370,64.84,nan,nan,nan,0.709,0.577,28.8,19.55
52880,85.05,-369,64.84,nan,nan,nan,0.713,0.548,28.8,19.55
52881,88.05,-369,64.84,nan,nan,nan,0.706,0.548,28.8,19.55
52882,88.05,-368,64.84,nan,nan,nan,0.703,0.548,28.8,19.55
52883,89.55,-368,64.84,nan,nan,nan,0.696,0.548,28.8,19.55
52884,89.55,-367,64.84,nan,nan,nan,0.696,0.535,28.8,19.55
52885,90.3,-367,64.84,nan,nan,nan,0.696,0.535,28.8,20.3
52886,90.3,-366,64.84,nan,nan,nan,0.699,0.548,28.8,20.3
52887,90.3,-366,64.84,nan,nan,nan,0.673,0.548,28.8,17.35
52888,90.3,-366,64.84,nan,nan,nan,0.68,0.548,28.8,13.15
52889,90.3,-366,64.84,nan,nan,nan,0.68,0.548,28.8,13.15
52890,90.3,-369,64.84,nan,nan,nan,0.68,0.548,28.8,13.15
52891,85.4,-368,64.84,nan,nan,nan,0.695,0.683,28.8,13.15
52892,88.05,-368,64.84,nan,nan,nan,0.688,0.683,28.8,13.15
52893,88.05,-368,64.84,nan,nan,nan,0.688,0.643,28.8,13.15
52894,88.05,-367,64.84,nan,nan,nan,0.688,0.782,28.8,13.15
52895,88.05,-367,64.84,nan,nan,nan,0.688,0.782,28.8,13.15
52896,88.05,-367,64.84,nan,nan,nan,0.688,0.782,28.8,13.15
52897,88.05,-367,64.84,nan,nan,nan,0.688,0.782,28.8,13.15
52898,88.05,-367,64.84,nan,nan,nan,0.697,0.782,28.8,13.15
52899,88.05,-367,64.84,nan,nan,nan,0.697,0.382,28.8,13.15
52900,88.05,-366,64.84,nan,nan,nan,0.695,0.707,28.8,13.15
52901,89.55,-365,64.84,nan,nan,nan,0.688,0.707,28.8,13.15
52902,89.55,-365,64.84,nan,nan,nan,0.697,0.707,28.8,13.15
52903,89.55,-364,64.84,nan,nan,nan,0.695,0.577,28.8,13.15
52904,90.3,-364,64.84,nan,nan,nan,0.688,0.577,28.8,13.15
52905,90.3,-363,64.84,nan,nan,nan,0.697,0.577,28.8,13.15
52906,90.3,-362,64.84,nan,nan,nan,0.705,0.548,28.8,13.15
52907,90.7,-361,64.84,nan,nan,nan,0.695,0.492,28.8,13.55
52908,90.9,-361,64.84,nan,nan,nan,0.687,0.5,28.8,13.75
52909,90.9,-360,64.84,nan,nan,nan,0.687,0.492,28.8,13.75
52910,90.9,-359,64.84,nan,nan,nan,0.687,0.5,28.8,13.75
52911,90.9,-359,64.84,nan,nan,nan,0.687,0.5,28.8,13.75
52912,90.9,-359,64.84,nan,nan,nan,0.687,0.479,28.8,13.75
52913,90.9,-359,64.84,nan,nan,nan,0.687,0.5,28.8,13.75
52914,90.9,-359,64.84,nan,nan,nan,0.687,0.5,28.8,13.75
52915,90.9,-358,64.84,nan,nan,nan,0.687,0.354,28.8,13.75
52916,90.9,-358,64.84,nan,nan,nan,0.687,nan,28.8,13.75
52917,90.9,-358,64.84,nan,nan,nan,0.687,nan,28.8,13.75
52918,90.9,-358,64.84,nan,nan,nan,0.687,nan,28.8,13.75
52919,90.9,-358,64.84,nan,nan,nan,0.687,nan,28.8,13.75
52920,90.9,-358,64.84,nan,nan,nan,0.687,nan,28.8,13.75
52921,90.9,-357,64.84,nan,nan,nan,0.686,nan,28.8,13.75
52922,91.0,-356,64.84,nan,nan,nan,0.679,0.707,28.8,13.85
52923,91.0,-356,64.84,nan,nan,nan,0.679,0.707,28.8,13.85
52924,91.0,-356,64.84,nan,nan,nan,0.679,0.707,28.8,13.85
52925,91.0,-356,64.84,nan,nan,nan,0.687,0.707,28.8,13.85
52926,91.0,-355,64.84,nan,nan,nan,0.686,0.577,28.8,13.85
52927,91.05,-355,64.84,nan,nan,nan,0.679,0.577,28.8,13.9
52928,91.05,-355,64.84,nan,nan,nan,0.679,0.577,28.8,13.9
52929,91.05,-355,64.84,nan,nan,nan,0.679,0.577,28.8,13.9
52930,91.05,-355,64.84,nan,nan,nan,0.679,0.577,28.8,13.9
52931,91.05,-354,64.84,nan,nan,nan,0.679,0.707,28.8,13.9
52932,91.05,-354,64.84,nan,nan,nan,0.679,0.707,28.8,13.9
52933,91.05,-354,64.84,nan,nan,nan,0.687,0.707,28.8,12.9
52934,91.05,-353,64.84,nan,nan,nan,0.687,0.707,28.8,12.9
52935,91.05,-353,64.84,nan,nan,nan,0.687,nan,28.8,12.9
52936,91.05,-353,64.84,nan,nan,nan,0.687,nan,28.8,12.9
52937,91.05,-353,64.84,nan,nan,nan,0.687,nan,28.8,12.9
52938,91.05,-353,64.84,nan,nan,nan,0.687,nan,28.8,12.9
52939,91.05,-353,64.84,nan,nan,nan,0.687,nan,28.8,12.9
52940,91.05,-353,64.84,nan,nan,nan,0.687,nan,28.8,12.9
52941,91.05,-353,64.84,nan,nan,nan,0.687,nan,28.8,12.9
52942,91.05,-353,64.84,nan,nan,nan,0.687,nan,28.8,12.9
52943,91.05,-352,64.84,nan,nan,nan,0.687,nan,28.8,12.9
52944,91.05,-352,64.84,nan,nan,nan,0.687,nan,28.8,12.9
52945,91.05,-352,64.84,nan,nan,nan,0.687,nan,28.8,12.9
52946,91.05,-352,64.84,nan,nan,nan,0.687,nan,28.8,12.9
52947,91.05,-352,64.84,nan,nan,nan,0.687,nan,28.8,12.9
52948,91.05,-352,64.84,nan,nan,nan,0.687,nan,28.8,12.9
52949,91.05,-351,64.84,nan,nan,nan,0.687,nan,28.8,12.9
52950,91.05,-351,64.84,nan,nan,nan,0.687,nan,28.8,12.9
52951,91.05,-350,64.84,nan,nan,nan,0.687,nan,28.8,12.9
52952,91.05,-349,64.84,nan,nan,nan,0.688,nan,28.8,12.9
52953,91.05,-349,64.84,nan,nan,nan,0.617,nan,28.8,12.9
52954,91.05,-349,64.84,nan,nan,nan,0.623,nan,28.8,12.9
52955,91.05,-349,64.84,nan,nan,nan,0.623,nan,28.8,12.9
52956,91.05,-349,64.84,nan,nan,nan,0.623,nan,28.8,12.9
52957,91.05,-349,64.84,nan,nan,nan,0.623,nan,28.8,12.9
52958,91.05,-349,64.84,nan,nan,nan,0.623,nan,28.8,12.9
52959,91.05,-348,64.84,nan,nan,nan,0.623,nan,28.8,12.9
52960,91.05,-348,64.84,nan,nan,nan,0.623,nan,28.8,12.9
52961,91.05,-347,64.84,nan,nan,nan,0.63,nan,28.8,10.2
52962,91.05,-347,64.84,nan,nan,nan,0.63,nan,28.8,10.2
52963,91.05,-347,64.84,nan,nan,nan,0.63,nan,28.8,10.2
52964,91.05,-346,64.84,nan,nan,nan,0.524,nan,28.8,10.2
52965,91.05,-346,64.84,nan,nan,nan,0.528,nan,28.8,10.2
52966,91.05,-346,64.84,nan,nan,nan,0.528,nan,28.8,10.2
52967,91.05,-345,64.84,nan,nan,nan,0.526,nan,28.8,10.2
52968,91.05,-349,64.84,nan,nan,nan,0.531,nan,28.8,6.05
52969,90.95,-349,64.84,nan,nan,nan,0.531,0.707,28.8,6.05
52970,90.95,-349,64.84,nan,nan,nan,0.531,0.707,28.8,6.05
52971,90.95,-349,64.84,nan,nan,nan,0.53,0.707,28.8,6.05
52972,90.95,-349,64.84,nan,nan,nan,0.533,0.707,28.8,6.05
52973,90.95,-348,64.84,nan,nan,nan,0.533,0.707,28.8,6.05
52974,90.95,-348,64.84,nan,nan,nan,0.533,0.707,28.8,6.05
52975,90.95,-348,64.84,nan,nan,nan,0.532,0.707,28.8,6.05
52976,90.95,-348,64.84,nan,nan,nan,0.536,0.707,28.8,6.0
52977,90.95,-348,64.84,nan,nan,nan,0.536,nan,28.8,6.0
52978,90.95,-348,64.84,nan,nan,nan,0.536,nan,28.8,6.0
52979,90.95,-348,64.84,nan,nan,nan,0.535,nan,28.8,6.0
52980,90.95,-348,64.84,nan,nan,nan,0.539,nan,28.8,5.65
52981,90.95,-348,64.84,nan,nan,nan,0.538,nan,28.8,5.65
52982,90.95,-347,64.84,nan,nan,nan,0.544,nan,28.8,5.65
52983,91.0,-346,64.84,nan,nan,nan,0.538,0.707,28.8,5.65
52984,91.0,-346,64.84,nan,nan,nan,0.544,0.707,28.8,5.65
52985,91.0,-345,64.84,nan,nan,nan,0.544,0.707,28.8,5.65
52986,91.0,-344,64.84,nan,nan,nan,0.544,0.707,28.8,5.65
52987,91.0,-344,64.84,nan,nan,nan,0.544,0.707,28.8,5.65
52988,91.0,-343,64.84,nan,nan,nan,0.544,0.707,28.8,5.65
52989,91.0,-343,64.84,nan,nan,nan,0.542,0.707,28.8,5.65
52990,91.0,-343,64.84,nan,nan,nan,0.499,0.707,28.8,5.65
52991,91.0,-343,64.84,nan,nan,nan,0.5,nan,28.8,3.0
52992,91.0,-343,64.84,nan,nan,nan,0.5,nan,28.8,3.0
52993,91.0,-343,64.84,nan,nan,nan,0.5,nan,28.8,3.0
52994,91.0,-344,64.84,nan,nan,nan,0.499,nan,28.8,3.0
52995,90.9,-346,64.84,nan,nan,nan,1.412,3.536,28.8,3.0
52996,90.3,-346,64.84,nan,nan,nan,1.384,3.215,28.8,3.0
52997,90.3,-346,64.84,nan,nan,nan,1.384,3.215,28.8,3.0
52998,90.3,-346,64.84,nan,nan,nan,1.384,3.215,28.8,3.0
52999,90.3,-346,64.84,nan,nan,nan,1.426,3.215,28.8,3.0
53000,90.3,-346,64.84,nan,nan,nan,1.457,3.215,28.8,1.5
53001,90.3,-346,64.84,nan,nan,nan,1.457,3.215,28.8,1.5
53002,90.3,-346,64.84,nan,nan,nan,1.508,3.215,28.8,1.5
53003,90.3,-345,64.84,nan,nan,nan,1.546,4.243,28.8,0.75
53004,90.3,-345,64.84,nan,nan,nan,1.546,nan,28.8,0.75
53005,90.3,-345,64.84,nan,nan,nan,1.609,nan,28.8,0.75
53006,90.3,-345,64.84,nan,nan,nan,1.676,nan,28.8,0.75
53007,90.3,-345,64.84,nan,nan,nan,1.732,nan,28.8,0.75
53008,90.3,-345,64.84,nan,nan,nan,1.732,nan,28.8,0.75
53009,90.3,-345,64.84,nan,nan,nan,1.732,nan,28.8,0.75
53010,90.3,-345,64.84,nan,nan,nan,1.732,nan,28.8,0.75
53011,90.3,-345,64.84,nan,nan,nan,1.732,nan,28.8,0.75
53012,90.3,-345,64.84,nan,nan,nan,1.732,nan,28.8,0.75
53013,90.3,-345,64.84,nan,nan,nan,1.732,nan,28.8,0.75
53014,90.3,-345,64.84,nan,nan,nan,1.732,nan,28.8,0.75
53015,90.3,-345,64.84,nan,nan,nan,1.732,nan,28.8,0.75
53016,90.3,-345,64.84,nan,nan,nan,1.732,nan,28.8,0.75
53017,90.3,-344,64.84,nan,nan,nan,1.732,nan,28.8,0.75
53018,90.3,-343,64.84,nan,nan,nan,1.732,nan,28.8,0.75
53019,90.3,-343,64.84,nan,nan,nan,1.732,nan,28.8,0.75
53020,90.3,-343,64.84,nan,nan,nan,1.826,nan,28.8,0.75
53021,90.3,-343,64.84,nan,nan,nan,1.9,nan,28.8,0.75
53022,90.3,-343,64.84,nan,nan,nan,1.9,nan,28.8,0.75
53023,90.3,-343,64.84,nan,nan,nan,1.9,nan,28.8,0.75
53024,90.3,-343,64.84,nan,nan,nan,1.9,nan,28.8,0.75
53025,90.3,-343,64.84,nan,nan,nan,2.031,nan,28.8,0.75
53026,90.3,-342,64.84,nan,nan,nan,2.138,nan,28.8,0.75
53027,90.3,-342,64.84,nan,nan,nan,2.138,nan,28.8,0.75
53028,90.3,-342,64.84,nan,nan,nan,2.138,nan,28.8,0.75
53029,90.3,-342,64.84,nan,nan,nan,2.138,nan,28.8,0.75
53030,90.3,-341,64.84,nan,nan,nan,2.138,nan,28.8,0.75
53031,90.3,-344,64.84,nan,nan,nan,1.982,nan,28.8,0.75
53032,85.4,-344,64.84,nan,nan,nan,1.9,0.707,28.8,5.65
53033,85.4,-344,64.84,nan,nan,nan,1.9,0.707,28.8,5.65
53034,85.4,-344,64.84,nan,nan,nan,1.9,0.707,28.8,5.65
53035,85.4,-343,64.84,nan,nan,nan,1.792,0.577,28.8,5.65
53036,88.05,-343,64.84,nan,nan,nan,1.732,0.577,28.8,5.65
53037,88.05,-343,64.84,nan,nan,nan,1.732,0.577,28.8,5.65
53038,88.05,-343,64.84,nan,nan,nan,1.732,0.577,28.8,5.65
53039,88.05,-343,64.84,nan,nan,nan,1.732,0.577,28.8,5.65
53040,88.05,-343,64.84,nan,nan,nan,1.732,0.577,28.8,5.65
53041,88.05,-343,64.84,nan,nan,nan,1.732,0.707,28.8,5.65
53042,88.05,-342,64.84,nan,nan,nan,1.732,0.707,28.8,5.65
53043,88.05,-342,64.84,nan,nan,nan,1.732,0.707,28.8,5.65
53044,88.05,-342,64.84,nan,nan,nan,1.732,nan,28.8,5.65
53045,88.05,-341,64.84,nan,nan,nan,1.732,nan,28.8,5.65
53046,88.05,-340,64.84,nan,nan,nan,1.732,nan,28.8,5.65
53047,88.05,-340,64.84,nan,nan,nan,1.732,nan,28.8,5.65
53048,88.05,-340,64.84,nan,nan,nan,1.732,nan,28.8,5.65
53049,88.05,-340,64.84,nan,nan,nan,1.732,nan,28.8,5.65
53050,88.05,-340,64.84,nan,nan,nan,1.732,nan,28.8,5.65
53051,88.05,-339,64.84,nan,nan,nan,1.732,nan,28.8,5.65
53052,88.05,-339,64.84,nan,nan,nan,1.732,nan,28.8,5.65
53053,88.05,-339,64.84,nan,nan,nan,1.732,nan,28.8,5.65
53054,88.05,-339,64.84,nan,nan,nan,1.732,nan,28.8,5.65
53055,88.05,-339,64.84,nan,nan,nan,1.732,nan,28.8,5.65
53056,88.05,-342,64.84,nan,nan,nan,1.651,nan,28.8,5.65
53057,80.1,-342,64.84,nan,nan,nan,1.605,0.707,28.8,10.95
53058,80.1,-341,64.84,nan,nan,nan,1.542,0.577,28.8,10.95
53059,83.85,-341,64.84,nan,nan,nan,1.506,0.577,28.8,10.95
53060,83.85,-341,64.84,nan,nan,nan,1.506,0.577,28.8,10.95
53061,83.85,-341,64.84,nan,nan,nan,1.506,0.577,28.8,10.95
53062,83.85,-340,64.84,nan,nan,nan,1.455,0.548,28.8,10.95
53063,87.45,-339,64.84,nan,nan,nan,1.425,0.548,28.8,10.95
53064,87.45,-339,64.84,nan,nan,nan,1.425,0.548,28.8,10.95
53065,87.45,-339,64.84,nan,nan,nan,1.425,0.548,28.8,10.95
53066,87.45,-339,64.84,nan,nan,nan,1.425,0.577,28.8,10.95
53067,87.45,-338,64.84,nan,nan,nan,1.471,0.577,28.8,10.95
53068,87.45,-338,64.84,nan,nan,nan,1.506,0.707,28.8,10.9
53069,87.45,-338,64.84,nan,nan,nan,1.506,0.707,28.8,10.9
53070,87.45,-338,64.84,nan,nan,nan,1.506,0.707,28.8,10.9
53071,87.45,-338,64.84,nan,nan,nan,1.506,nan,28.8,10.9
53072,87.45,-337,64.84,nan,nan,nan,1.506,nan,28.8,10.9
53073,87.45,-337,64.84,nan,nan,nan,1.506,nan,28.8,10.9
53074,87.45,-337,64.84,nan,nan,nan,1.506,nan,28.8,10.9
53075,87.45,-337,64.84,nan,nan,nan,1.506,nan,28.8,10.9
53076,87.45,-337,64.84,nan,nan,nan,1.506,nan,28.8,10.9
53077,87.45,-352,64.84,nan,nan,nan,1.455,nan,28.8,10.9
53078,79.85,-352,64.84,nan,nan,nan,1.425,0.707,28.8,11.15
53079,79.85,-352,64.84,nan,nan,nan,1.425,0.707,28.8,11.15
53080,79.85,-352,64.84,nan,nan,nan,1.425,0.707,28.8,11.15
53081,79.85,-352,64.84,nan,nan,nan,1.471,0.707,28.8,11.15
53082,79.85,-352,64.84,nan,nan,nan,1.506,0.707,28.8,11.15
53083,79.85,-351,64.84,nan,nan,nan,1.506,0.707,28.8,11.15
53084,79.85,-350,64.84,nan,nan,nan,1.506,0.707,28.8,11.15
53085,79.85,-350,64.84,nan,nan,nan,1.506,0.707,28.8,11.15
53086,79.85,-350,64.84,nan,nan,nan,1.506,nan,28.8,11.15
53087,79.85,-350,64.84,nan,nan,nan,1.506,nan,28.8,11.15
53088,79.85,-349,64.84,nan,nan,nan,1.506,nan,28.8,11.15
53089,79.85,-353,64.84,nan,nan,nan,1.455,nan,28.8,11.15
53090,71.3,-353,64.84,nan,nan,nan,1.425,0.707,28.8,19.7
53091,71.3,-353,64.84,nan,nan,nan,1.425,0.707,28.8,19.7
53092,71.3,-353,64.84,nan,nan,nan,1.425,0.707,28.8,19.7
53093,71.3,-353,64.84,nan,nan,nan,1.471,0.707,28.8,19.7
53094,71.3,-352,64.84,nan,nan,nan,0.516,0.577,28.8,19.6
53095,75.4,-352,64.84,nan,nan,nan,0.516,0.577,28.8,19.0
53096,75.4,-352,64.84,nan,nan,nan,0.516,0.577,28.8,19.0
53097,75.4,-352,64.84,nan,nan,nan,0.516,0.577,28.8,19.0
53098,75.4,-351,64.84,nan,nan,nan,0.516,0.577,28.8,19.0
53099,75.4,-351,64.84,nan,nan,nan,0.516,0.707,28.8,19.0
53100,75.4,-351,64.84,nan,nan,nan,0.516,0.707,28.8,19.0
53101,75.4,-350,64.84,nan,nan,nan,0.516,0.707,28.8,19.0
53102,75.4,-361,64.84,nan,nan,nan,0.514,0.577,28.8,19.0
53103,69.15,-360,64.84,nan,nan,nan,0.514,0.577,28.8,21.15
53104,69.15,-359,64.84,nan,nan,nan,0.514,0.707,28.8,21.15
53105,69.15,-364,64.84,nan,nan,nan,0.513,0.577,28.8,21.15
53106,65.55,-364,64.84,nan,nan,nan,0.513,0.577,28.8,24.75
53107,65.55,-364,64.84,nan,nan,nan,0.513,0.577,28.8,24.75
53108,65.55,-364,64.84,nan,nan,nan,0.513,0.577,28.8,24.75
53109,65.55,-364,64.84,nan,nan,nan,0.513,0.577,28.8,24.75
53110,65.55,-364,64.84,nan,nan,nan,0.513,0.577,28.8,24.75
53111,65.55,-364,64.84,nan,nan,nan,0.513,0.577,28.8,24.75
53112,65.55,-364,64.84,nan,nan,nan,0.513,0.707,28.8,24.75
53113,65.55,-364,64.84,nan,nan,nan,0.513,0.707,28.8,24.75
53114,65.55,-364,64.84,nan,nan,nan,0.513,nan,28.8,24.75
53115,65.55,-364,64.84,nan,nan,nan,0.513,nan,28.8,24.75
53116,65.55,-364,64.84,nan,nan,nan,0.513,nan,28.8,24.75
53117,65.55,-364,64.84,nan,nan,nan,0.513,nan,28.8,24.75
53118,65.55,-363,64.84,nan,nan,nan,0.513,nan,28.8,24.75
53119,65.55,-363,64.84,nan,nan,nan,0.513,nan,28.8,24.75
53120,65.55,-363,64.84,nan,nan,nan,0.513,nan,28.8,24.75
53121,65.55,-363,64.84,nan,nan,nan,0.513,nan,28.8,24.75
53122,65.55,-362,64.84,nan,nan,nan,0.512,nan,28.8,24.75
53123,68.5,-362,64.84,nan,nan,nan,0.512,0.707,28.8,24.75
53124,68.5,-362,64.84,nan,nan,nan,0.512,0.707,28.8,24.75
53125,68.5,-362,64.84,nan,nan,nan,0.512,0.707,28.8,24.75
53126,68.5,-362,64.84,nan,nan,nan,0.512,0.707,28.8,24.75
53127,68.5,-362,64.84,nan,nan,nan,0.512,0.707,28.8,24.75
53128,68.5,-362,64.84,nan,nan,nan,0.512,0.707,28.8,24.75
53129,68.5,-362,64.84,nan,nan,nan,0.512,0.707,28.8,24.75
53130,68.5,-361,64.84,nan,nan,nan,0.512,0.707,28.8,24.75
53131,68.5,-361,64.84,nan,nan,nan,0.513,nan,28.8,22.5
53132,68.5,-360,64.84,nan,nan,nan,0.513,nan,28.8,22.5
53133,68.5,-360,64.84,nan,nan,nan,0.513,nan,28.8,22.5
53134,68.5,-359,64.84,nan,nan,nan,0.513,nan,28.8,22.5
53135,68.5,-358,64.84,nan,nan,nan,0.514,nan,28.8,22.5
53136,68.5,-358,64.84,nan,nan,nan,0.514,nan,28.8,22.5
53137,68.5,-357,64.84,nan,nan,nan,0.514,nan,28.8,22.5
53138,68.5,-357,64.84,nan,nan,nan,0.514,nan,28.8,22.5
53139,68.5,-356,64.84,nan,nan,nan,0.514,nan,28.8,22.5
53140,68.5,-356,64.84,nan,nan,nan,0.514,nan,28.8,22.5
53141,68.5,-356,64.84,nan,nan,nan,0.514,nan,28.8,22.5
53142,68.5,-356,64.84,nan,nan,nan,0.514,nan,28.8,22.5
53143,68.5,-356,64.84,nan,nan,nan,0.514,nan,28.8,22.5
53144,68.5,-356,64.84,nan,nan,nan,0.514,nan,28.8,22.5
53145,68.5,-356,64.84,nan,nan,nan,0.514,nan,28.8,22.5
53146,68.5,-356,64.84,nan,nan,nan,0.514,nan,28.8,22.5
53147,68.5,-356,64.84,nan,nan,nan,0.514,nan,28.8,22.5
53148,68.5,-356,64.84,nan,nan,nan,0.514,nan,28.8,22.5
53149,68.5,-356,64.84,nan,nan,nan,0.514,nan,28.8,22.5
53150,68.5,-356,64.84,nan,nan,nan,0.514,nan,28.8,22.5
53151,68.5,-356,64.84,nan,nan,nan,0.514,nan,28.8,22.5
53152,68.5,-356,64.84,nan,nan,nan,0.514,nan,28.8,22.5
53153,68.5,-356,64.84,nan,nan,nan,0.514,nan,28.8,22.5
53154,68.5,-356,64.84,nan,nan,nan,0.514,nan,28.8,22.5
53155,68.5,-355,64.84,nan,nan,nan,0.514,nan,28.8,22.5
53156,68.5,-355,64.84,nan,nan,nan,0.516,nan,28.8,21.9
53157,68.5,-354,64.84,nan,nan,nan,0.516,nan,28.8,21.9
53158,70.65,-354,64.84,nan,nan,nan,0.516,0.707,28.8,21.9
53159,70.65,-353,64.84,nan,nan,nan,0.514,0.577,28.8,21.9
53160,75.05,-352,64.84,nan,nan,nan,0.504,0.477,28.8,21.9
53161,78.65,-351,64.84,nan,nan,nan,0.514,0.462,28.8,21.9
53162,82.85,-351,64.84,nan,nan,nan,0.514,0.526,28.8,21.9
53163,82.85,-351,64.84,nan,nan,nan,0.514,0.526,28.8,21.9
53164,82.85,-351,64.84,nan,nan,nan,0.514,0.526,28.8,21.9
53165,82.85,-351,64.84,nan,nan,nan,0.514,0.526,28.8,21.9
53166,82.85,-351,64.84,nan,nan,nan,0.514,0.559,28.8,21.9
53167,82.85,-351,64.84,nan,nan,nan,0.514,0.517,28.8,21.9
53168,82.85,-351,64.84,nan,nan,nan,0.514,0.599,28.8,21.9
53169,82.85,-351,64.84,nan,nan,nan,0.514,0.825,28.8,21.9
53170,82.85,-351,64.84,nan,nan,nan,0.514,nan,28.8,21.9
53171,82.85,-350,64.84,nan,nan,nan,0.514,nan,28.8,21.9
53172,82.85,-367,64.84,nan,nan,nan,0.51,nan,28.8,21.9
53173,76.45,-367,64.84,nan,nan,nan,0.513,0.707,28.8,21.9
53174,76.45,-367,64.84,nan,nan,nan,0.513,0.707,28.8,21.9
53175,76.45,-367,64.84,nan,nan,nan,0.513,0.707,28.8,21.9
53176,76.45,-366,64.84,nan,nan,nan,0.515,0.707,28.8,21.9
53177,76.45,-366,64.84,nan,nan,nan,0.514,0.707,28.8,17.3
53178,76.45,-366,64.84,nan,nan,nan,0.514,0.707,28.8,17.3
53179,76.45,-366,64.84,nan,nan,nan,0.514,0.707,28.8,17.3
53180,76.45,-366,64.84,nan,nan,nan,0.514,0.707,28.8,17.3
53181,76.45,-366,64.84,nan,nan,nan,0.514,nan,28.8,17.3
53182,76.45,-366,64.84,nan,nan,nan,0.514,nan,28.8,17.3
53183,76.45,-365,64.84,nan,nan,nan,0.514,nan,28.8,17.3
53184,76.45,-365,64.84,nan,nan,nan,0.514,nan,28.8,17.3
53185,76.45,-365,64.84,nan,nan,nan,0.514,nan,28.8,17.3
53186,76.45,-365,64.84,nan,nan,nan,0.514,nan,28.8,17.3
53187,76.45,-365,64.84,nan,nan,nan,0.514,nan,28.8,17.3
53188,76.45,-364,64.84,nan,nan,nan,0.517,nan,28.8,17.3
53189,76.45,-364,64.84,nan,nan,nan,0.515,nan,28.8,17.3
53190,76.45,-364,64.84,nan,nan,nan,0.515,nan,28.8,17.3
53191,76.45,-363,64.84,nan,nan,nan,0.515,nan,28.8,17.3
53192,76.45,-363,64.84,nan,nan,nan,0.515,nan,28.8,17.3
53193,76.45,-362,64.84,nan,nan,nan,0.52,nan,28.8,17.3
53194,76.45,-361,64.84,nan,nan,nan,0.511,nan,28.8,17.3
53195,77.6,-361,64.84,nan,nan,nan,0.515,0.707,28.8,17.3
53196,77.6,-361,64.84,nan,nan,nan,0.515,0.707,28.8,17.3
53197,77.6,-360,64.84,nan,nan,nan,0.51,0.577,28.8,17.3
53198,78.15,-360,64.84,nan,nan,nan,0.514,0.577,28.8,17.3
53199,78.15,-361,64.84,nan,nan,nan,0.51,0.548,28.8,17.3
53200,77.6,-361,64.84,nan,nan,nan,0.513,0.548,28.8,17.3
53201,77.6,-361,64.84,nan,nan,nan,0.515,0.548,28.8,17.3
53202,77.6,-361,64.84,nan,nan,nan,0.514,0.548,28.8,17.3
53203,77.6,-362,64.84,nan,nan,nan,0.51,0.548,28.8,17.3
53204,76.45,-362,64.84,nan,nan,nan,0.515,0.548,28.8,17.3
53205,76.45,-365,64.84,nan,nan,nan,0.51,0.535,28.8,17.3
53206,69.0,-365,64.84,nan,nan,nan,0.513,0.535,28.8,17.3
53207,69.0,-365,64.84,nan,nan,nan,0.513,0.548,28.8,17.3
53208,69.0,-365,64.84,nan,nan,nan,0.513,0.548,28.8,17.3
53209,69.0,-364,64.84,nan,nan,nan,0.509,0.548,28.8,17.3
53210,72.55,-364,64.84,nan,nan,nan,0.512,0.548,28.8,17.3
53211,72.55,-364,64.84,nan,nan,nan,0.512,0.548,28.8,17.3
53212,72.55,-363,64.84,nan,nan,nan,0.512,0.548,28.8,17.3
53213,72.55,-363,64.84,nan,nan,nan,0.512,0.577,28.8,17.3
53214,72.55,-363,64.84,nan,nan,nan,0.512,0.577,28.8,17.3
53215,72.55,-363,64.84,nan,nan,nan,0.512,0.707,28.8,17.3
53216,72.55,-363,64.84,nan,nan,nan,0.512,0.707,28.8,17.3
53217,72.55,-363,64.84,nan,nan,nan,0.512,0.707,28.8,17.3
53218,72.55,-363,64.84,nan,nan,nan,0.512,nan,28.8,17.3
53219,72.55,-363,64.84,nan,nan,nan,0.512,nan,28.8,17.3
53220,72.55,-363,64.84,nan,nan,nan,0.512,nan,28.8,17.3
53221,72.55,-363,64.84,nan,nan,nan,0.514,nan,28.8,17.3
53222,72.55,-363,64.84,nan,nan,nan,0.513,nan,28.8,14.35
53223,72.55,-363,64.84,nan,nan,nan,0.513,nan,28.8,14.35
53224,72.55,-363,64.84,nan,nan,nan,0.513,nan,28.8,14.35
53225,72.55,-363,64.84,nan,nan,nan,0.513,nan,28.8,14.35
53226,72.55,-363,64.84,nan,nan,nan,0.513,nan,28.8,14.35
53227,72.55,-362,64.84,nan,nan,nan,0.509,nan,28.8,14.35
53228,75.6,-362,64.84,nan,nan,nan,0.512,0.707,28.8,14.35
53229,75.6,-362,64.84,nan,nan,nan,0.512,0.707,28.8,14.35
53230,75.6,-361,64.84,nan,nan,nan,0.512,0.707,28.8,14.35
53231,75.6,-361,64.84,nan,nan,nan,0.512,0.707,28.8,14.35
53232,75.6,-361,64.84,nan,nan,nan,0.512,0.707,28.8,14.35
53233,75.6,-361,64.84,nan,nan,nan,0.512,0.707,28.8,14.35
53234,75.6,-361,64.84,nan,nan,nan,0.512,0.707,28.8,14.35
53235,75.6,-361,64.84,nan,nan,nan,0.512,0.707,28.8,14.35
53236,75.6,-360,64.84,nan,nan,nan,0.512,nan,28.8,14.35
53237,75.6,-359,64.84,nan,nan,nan,0.512,nan,28.8,14.35
53238,75.6,-359,64.84,nan,nan,nan,0.512,nan,28.8,14.35
53239,75.6,-359,64.84,nan,nan,nan,0.512,nan,28.8,14.35
53240,75.6,-359,64.84,nan,nan,nan,0.512,nan,28.8,14.35
53241,75.6,-359,64.84,nan,nan,nan,0.512,nan,28.8,14.35
53242,75.6,-359,64.84,nan,nan,nan,0.512,nan,28.8,14.35
53243,75.6,-358,64.84,nan,nan,nan,0.512,nan,28.8,14.35
53244,75.6,-357,64.84,nan,nan,nan,0.512,nan,28.8,14.35
53245,75.6,-357,64.84,nan,nan,nan,0.512,nan,28.8,14.35
53246,75.6,-356,64.84,nan,nan,nan,0.512,nan,28.8,14.35
53247,75.6,-355,64.84,nan,nan,nan,0.512,nan,28.8,14.35
53248,75.6,-354,64.84,nan,nan,nan,0.512,nan,28.8,14.35
53249,75.6,-354,64.84,nan,nan,nan,0.512,nan,28.8,14.35
53250,75.6,-354,64.84,nan,nan,nan,0.512,nan,28.8,14.35
53251,75.6,-354,64.84,nan,nan,nan,0.512,nan,28.8,14.35
53252,75.6,-365,64.84,nan,nan,nan,0.509,nan,28.8,14.35
53253,68.6,-370,64.84,nan,nan,nan,0.498,0.303,28.8,14.35
53254,64.6,-370,64.84,nan,nan,nan,0.5,0.502,28.8,18.25
53255,64.6,-371,64.84,nan,nan,nan,0.498,0.474,28.8,18.25
53256,63.15,-371,64.84,nan,nan,nan,0.502,0.501,29.6,19.7
53257,63.15,-371,64.84,nan,nan,nan,0.5,0.501,29.6,19.7
53258,63.15,-370,64.84,nan,nan,nan,0.5,0.49,29.6,19.7
53259,64.15,-375,64.84,nan,nan,nan,1.51,2.756,29.6,19.7
53260,57.55,-375,64.84,nan,nan,nan,1.499,2.556,35.2,25.3
53261,57.55,-375,64.84,nan,nan,nan,1.53,2.695,35.2,25.3
53262,57.55,-374,64.84,nan,nan,nan,1.506,2.73,35.2,25.3
53263,60.65,-373,64.84,nan,nan,nan,1.476,2.731,35.2,25.3
53264,60.75,-373,64.84,nan,nan,nan,1.449,2.664,35.2,25.3
53265,60.75,-372,64.84,nan,nan,nan,1.429,2.731,35.2,25.3
53266,60.85,-372,64.84,nan,nan,nan,1.404,2.535,35.2,25.3
53267,60.85,-371,64.84,nan,nan,nan,1.404,2.664,35.2,25.3
53268,60.85,-370,64.84,nan,nan,nan,1.404,0.512,35.2,25.3
53269,60.85,-370,64.84,nan,nan,nan,1.404,0.542,35.2,25.3
53270,60.85,-370,64.84,nan,nan,nan,1.404,0.542,35.2,25.3
53271,60.85,-370,64.84,nan,nan,nan,1.422,0.495,35.2,25.3
53272,60.85,-370,64.84,nan,nan,nan,1.449,0.577,35.2,20.6
53273,60.85,-370,64.84,nan,nan,nan,1.449,0.707,35.2,20.6
53274,60.85,-370,64.84,nan,nan,nan,1.449,nan,35.2,20.6
53275,60.85,-370,64.84,nan,nan,nan,1.449,nan,35.2,20.6
53276,60.85,-369,64.84,nan,nan,nan,1.429,nan,35.2,20.6
53277,63.0,-369,64.84,nan,nan,nan,1.404,0.707,35.2,20.6
53278,63.0,-369,64.84,nan,nan,nan,1.404,0.707,35.2,20.6
53279,63.0,-369,64.84,nan,nan,nan,1.404,0.707,35.2,20.6
53280,63.0,-370,64.84,nan,nan,nan,1.387,0.577,35.2,20.6
53281,62.9,-370,64.84,nan,nan,nan,1.364,0.577,35.2,20.6
53282,62.9,-370,64.84,nan,nan,nan,1.364,0.577,35.2,20.6
53283,62.9,-370,64.84,nan,nan,nan,1.364,0.577,35.2,20.6
53284,62.9,-369,64.84,nan,nan,nan,1.364,0.577,35.2,20.6
53285,62.9,-369,64.84,nan,nan,nan,1.364,0.577,35.2,20.6
53286,62.9,-368,64.84,nan,nan,nan,1.364,0.707,35.2,20.6
53287,62.9,-367,64.84,nan,nan,nan,1.364,0.707,35.2,20.6
53288,62.9,-367,64.84,nan,nan,nan,1.364,0.707,35.2,20.6
53289,62.9,-367,64.84,nan,nan,nan,1.364,nan,35.2,20.6
53290,62.9,-367,64.84,nan,nan,nan,1.364,nan,35.2,20.6
53291,62.9,-367,64.84,nan,nan,nan,1.364,nan,35.2,20.6
53292,62.9,-366,64.84,nan,nan,nan,1.348,nan,35.2,20.6
53293,66.2,-365,64.84,nan,nan,nan,1.356,0.246,35.2,20.6
53294,70.65,-365,64.84,nan,nan,nan,1.356,0.7,35.2,20.6
53295,70.65,-365,64.84,nan,nan,nan,1.356,0.7,35.2,20.6
53296,70.65,-364,64.84,nan,nan,nan,1.372,0.7,35.2,20.6
53297,70.65,-363,64.84,nan,nan,nan,1.394,0.7,35.2,20.6
53298,70.65,-362,64.84,nan,nan,nan,1.412,0.7,35.2,20.6
53299,70.65,-364,64.84,nan,nan,nan,1.418,0.582,35.2,20.05
53300,63.85,-364,64.84,nan,nan,nan,1.394,0.628,35.2,20.05
53301,63.85,-364,64.84,nan,nan,nan,1.394,0.693,35.2,20.05
53302,63.85,-364,64.84,nan,nan,nan,1.412,0.577,35.2,20.05
53303,63.85,-364,64.84,nan,nan,nan,1.437,0.707,35.2,18.9
53304,63.85,-363,64.84,nan,nan,nan,1.437,0.577,35.2,18.9
53305,67.05,-362,64.84,nan,nan,nan,1.439,0.473,35.2,18.05
53306,69.4,-362,64.84,nan,nan,nan,1.414,0.511,35.2,18.05
53307,69.4,-362,64.84,nan,nan,nan,1.414,0.511,35.2,18.05
53308,69.4,-364,64.84,nan,nan,nan,1.414,0.511,35.2,18.05
53309,63.25,-364,64.84,nan,nan,nan,1.414,0.511,35.2,18.05
53310,63.25,-364,64.84,nan,nan,nan,1.414,0.511,35.2,18.05
53311,63.25,-364,64.84,nan,nan,nan,1.414,0.511,35.2,18.05
53312,63.25,-364,64.84,nan,nan,nan,1.414,0.511,35.2,18.05
53313,63.25,-364,64.84,nan,nan,nan,1.414,0.512,35.2,18.05
53314,63.25,-363,64.84,nan,nan,nan,1.396,0.577,35.2,18.05
53315,64.55,-363,64.84,nan,nan,nan,1.373,0.577,35.2,18.05
53316,64.55,-363,64.84,nan,nan,nan,1.373,0.577,35.2,18.05
53317,64.55,-362,64.84,nan,nan,nan,1.357,0.577,35.2,18.05
53318,67.5,-361,64.84,nan,nan,nan,1.346,0.569,35.2,18.05
53319,71.35,-370,64.84,nan,nan,nan,1.364,1.159,35.2,18.05
53320,65.5,-370,64.84,nan,nan,nan,1.345,1.047,35.2,18.05
53321,65.5,-370,64.84,nan,nan,nan,1.345,1.047,35.2,18.05
53322,65.5,-369,64.84,nan,nan,nan,1.345,1.047,35.2,18.05
53323,65.5,-369,64.84,nan,nan,nan,1.345,1.106,35.2,18.05
53324,65.5,-369,64.84,nan,nan,nan,1.345,1.273,35.2,18.05
53325,65.5,-368,64.84,nan,nan,nan,1.345,1.273,35.2,18.05
53326,65.5,-368,64.84,nan,nan,nan,1.359,1.414,35.2,18.05
53327,65.5,-368,64.84,nan,nan,nan,1.379,1.074,35.2,18.05
53328,65.5,-367,64.84,nan,nan,nan,1.379,nan,35.2,18.05
53329,65.5,-367,64.84,nan,nan,nan,1.379,nan,35.2,18.05
53330,65.5,-366,64.84,nan,nan,nan,1.379,nan,35.2,18.05
53331,65.5,-365,64.84,nan,nan,nan,1.379,nan,35.2,18.05
53332,65.5,-365,64.84,nan,nan,nan,1.379,nan,35.2,18.05
53333,65.5,-365,64.84,nan,nan,nan,1.379,nan,35.2,18.05
53334,65.5,-365,64.84,nan,nan,nan,1.379,nan,35.2,18.05
53335,65.5,-365,64.84,nan,nan,nan,1.379,nan,35.2,18.05
53336,65.5,-365,64.84,nan,nan,nan,1.379,nan,35.2,18.05
53337,65.5,-364,64.84,nan,nan,nan,1.379,nan,35.2,18.05
53338,65.5,-364,64.84,nan,nan,nan,1.379,nan,35.2,18.05
53339,65.5,-364,64.84,nan,nan,nan,1.379,nan,35.2,18.05
53340,65.5,-364,64.84,nan,nan,nan,1.379,nan,35.2,18.05
53341,65.5,-364,64.84,nan,nan,nan,1.379,nan,35.2,18.05
53342,65.5,-364,64.84,nan,nan,nan,1.379,nan,35.2,18.05
53343,65.5,-364,64.84,nan,nan,nan,1.379,nan,35.2,18.05
53344,65.5,-364,64.84,nan,nan,nan,1.379,nan,35.2,18.05
53345,65.5,-364,64.84,nan,nan,nan,1.379,nan,35.2,18.05
53346,65.5,-364,64.84,nan,nan,nan,1.379,nan,35.2,18.05
53347,65.5,-364,64.84,nan,nan,nan,1.379,nan,35.2,18.05
53348,65.5,-363,64.84,nan,nan,nan,1.379,nan,35.2,18.05
53349,65.5,-363,64.84,nan,nan,nan,1.379,nan,35.2,18.05
53350,65.5,-363,64.84,nan,nan,nan,1.379,nan,35.2,18.05
53351,65.5,-362,64.84,nan,nan,nan,1.379,nan,35.2,18.05
53352,67.5,-362,64.84,nan,nan,nan,1.379,0.707,35.2,13.8
53353,67.5,-361,64.84,nan,nan,nan,1.384,0.577,35.2,13.8
53354,71.35,-361,64.84,nan,nan,nan,1.379,0.577,35.2,13.8
53355,71.35,-361,64.84,nan,nan,nan,1.4,0.577,35.2,13.8
53356,71.35,-360,64.84,nan,nan,nan,1.4,0.577,35.2,13.8
53357,71.35,-359,64.84,nan,nan,nan,1.417,0.577,35.2,13.8
53358,71.35,-358,64.84,nan,nan,nan,0.641,0.577,35.2,13.8
53359,71.35,-357,64.84,nan,nan,nan,0.642,0.548,35.2,13.8
53360,71.55,-357,64.84,nan,nan,nan,0.638,0.548,35.2,14.0
53361,71.55,-356,64.84,nan,nan,nan,0.641,0.577,35.2,14.0
53362,71.55,-356,64.84,nan,nan,nan,0.647,0.577,35.2,10.9
53363,71.55,-356,64.84,nan,nan,nan,0.653,0.707,35.2,10.8
53364,71.55,-356,64.84,nan,nan,nan,0.657,0.707,35.2,10.8
53365,71.55,-356,64.84,nan,nan,nan,0.663,0.707,35.2,10.7
53366,71.55,-356,64.84,nan,nan,nan,0.663,0.707,35.2,10.7
53367,71.55,-356,64.84,nan,nan,nan,0.663,0.707,35.2,10.7
53368,71.55,-356,64.84,nan,nan,nan,0.663,nan,35.2,10.7
53369,71.55,-356,64.84,nan,nan,nan,0.663,nan,35.2,10.7
53370,71.55,-356,64.84,nan,nan,nan,0.663,nan,35.2,10.7
53371,71.55,-356,64.84,nan,nan,nan,0.663,nan,35.2,10.7
53372,71.55,-356,64.84,nan,nan,nan,0.663,nan,35.2,10.7
53373,71.55,-374,64.84,nan,nan,nan,0.658,nan,35.2,10.7
53374,65.6,-374,64.84,nan,nan,nan,0.653,0.707,35.2,10.7
53375,65.6,-374,64.84,nan,nan,nan,0.657,0.707,35.2,10.7
53376,65.6,-374,64.84,nan,nan,nan,0.663,0.707,35.2,8.65
53377,65.6,-374,64.84,nan,nan,nan,0.663,0.707,35.2,8.65
53378,65.6,-374,64.84,nan,nan,nan,0.663,0.707,35.2,8.65
53379,65.6,-373,64.84,nan,nan,nan,0.669,0.707,35.2,8.65
53380,65.6,-373,64.84,nan,nan,nan,0.676,0.707,35.2,8.65
53381,65.6,-373,64.84,nan,nan,nan,0.676,0.707,35.2,8.65
53382,65.6,-373,64.84,nan,nan,nan,0.676,nan,35.2,8.65
53383,65.6,-372,64.84,nan,nan,nan,0.676,nan,35.2,8.65
53384,65.6,-372,64.84,nan,nan,nan,0.676,nan,35.2,8.65
53385,65.6,-371,64.84,nan,nan,nan,0.676,nan,35.2,8.65
53386,65.6,-371,64.84,nan,nan,nan,0.676,nan,35.2,8.65
53387,65.6,-371,64.84,nan,nan,nan,0.676,nan,35.2,8.65
53388,65.6,-371,64.84,nan,nan,nan,0.676,nan,35.2,8.65
53389,65.6,-371,64.84,nan,nan,nan,0.676,nan,35.2,8.65
53390,65.6,-371,64.84,nan,nan,nan,0.676,nan,35.2,8.65
53391,65.6,-370,64.84,nan,nan,nan,0.682,nan,35.2,8.65
53392,65.6,-370,64.84,nan,nan,nan,0.67,nan,35.2,8.3
53393,65.6,-370,64.84,nan,nan,nan,0.68,nan,35.2,8.3
53394,65.6,-370,64.84,nan,nan,nan,0.68,nan,35.2,8.3
53395,65.6,-370,64.84,nan,nan,nan,0.68,nan,35.2,8.3
53396,65.6,-370,64.84,nan,nan,nan,0.68,nan,35.2,8.3
53397,65.6,-370,64.84,nan,nan,nan,0.68,nan,35.2,8.3
53398,65.6,-370,64.84,nan,nan,nan,0.685,nan,35.2,8.3
53399,65.6,-370,64.84,nan,nan,nan,0.696,nan,35.2,8.3
53400,65.6,-370,64.84,nan,nan,nan,0.696,nan,35.2,8.3
53401,65.6,-369,64.84,nan,nan,nan,0.696,nan,35.2,8.3
53402,65.6,-368,64.84,nan,nan,nan,0.689,nan,35.2,8.3
53403,66.8,-368,64.84,nan,nan,nan,0.685,0.707,35.2,8.3
53404,66.8,-368,64.84,nan,nan,nan,0.7,0.707,35.2,8.3
53405,66.8,-367,64.84,nan,nan,nan,0.705,0.577,35.2,8.3
53406,67.4,-366,64.84,nan,nan,nan,0.694,0.577,35.2,8.3
53407,67.4,-366,64.84,nan,nan,nan,0.7,0.577,35.2,8.3
53408,67.4,-366,64.84,nan,nan,nan,0.713,0.577,35.2,8.3
53409,67.4,-366,64.84,nan,nan,nan,0.713,0.577,35.2,8.3
53410,67.4,-365,64.84,nan,nan,nan,0.713,0.577,35.2,8.3
53411,67.4,-364,64.84,nan,nan,nan,0.713,0.577,35.2,8.3
53412,67.4,-364,64.84,nan,nan,nan,0.713,0.707,35.2,8.3
53413,67.4,-363,64.84,nan,nan,nan,0.72,0.707,35.2,8.3
53414,67.4,-363,64.84,nan,nan,nan,0.736,nan,35.2,7.0
53415,67.4,-363,64.84,nan,nan,nan,0.736,nan,35.2,7.0
53416,67.4,-363,64.84,nan,nan,nan,0.745,nan,35.2,7.0
53417,67.4,-363,64.84,nan,nan,nan,0.727,nan,35.2,6.05
53418,67.4,-363,64.84,nan,nan,nan,0.519,nan,35.2,6.05
53419,67.4,-363,64.84,nan,nan,nan,0.522,nan,35.2,6.05
53420,67.4,-363,64.84,nan,nan,nan,0.522,nan,35.2,6.05
53421,67.4,-363,64.84,nan,nan,nan,0.522,nan,35.2,6.05
53422,67.4,-363,64.84,nan,nan,nan,0.522,nan,35.2,6.05
53423,67.4,-362,64.84,nan,nan,nan,0.522,nan,35.2,6.05
53424,67.4,-362,64.84,nan,nan,nan,0.522,nan,35.2,6.05
53425,67.4,-362,64.84,nan,nan,nan,0.522,nan,35.2,6.05
53426,67.4,-362,64.84,nan,nan,nan,0.522,nan,35.2,6.05
53427,67.4,-362,64.84,nan,nan,nan,0.522,nan,35.2,6.05
53428,67.4,-362,64.84,nan,nan,nan,0.522,nan,35.2,6.05
53429,67.4,-362,64.84,nan,nan,nan,0.522,nan,35.2,6.05
53430,67.4,-362,64.84,nan,nan,nan,0.522,nan,35.2,6.05
53431,67.4,-362,64.84,nan,nan,nan,0.522,nan,35.2,6.05
53432,67.4,-362,64.84,nan,nan,nan,0.522,nan,35.2,6.05
53433,67.4,-362,64.84,nan,nan,nan,0.522,nan,35.2,6.05
53434,67.4,-362,64.84,nan,nan,nan,0.522,nan,35.2,6.05
53435,67.4,-362,64.84,nan,nan,nan,0.522,nan,35.2,6.05
53436,67.4,-362,64.84,nan,nan,nan,0.522,nan,35.2,6.05
53437,67.4,-362,64.84,nan,nan,nan,0.522,nan,35.2,6.05
53438,67.4,-362,64.84,nan,nan,nan,0.522,nan,35.2,6.05
53439,67.4,-363,64.84,nan,nan,nan,0.519,nan,35.2,6.05
53440,66.8,-363,64.84,nan,nan,nan,0.519,0.707,35.2,6.05
53441,66.8,-363,64.84,nan,nan,nan,0.519,0.707,35.2,6.05
53442,66.8,-363,64.84,nan,nan,nan,0.519,0.707,35.2,6.05
53443,66.8,-363,64.84,nan,nan,nan,0.519,0.707,35.2,6.05
53444,66.8,-363,64.84,nan,nan,nan,0.519,0.707,35.2,6.05
53445,66.8,-363,64.84,nan,nan,nan,0.519,0.707,35.2,6.05
53446,66.8,-363,64.84,nan,nan,nan,0.519,0.707,35.2,6.05
53447,66.8,-363,64.84,nan,nan,nan,0.519,0.707,35.2,6.05
53448,66.8,-362,64.84,nan,nan,nan,0.519,nan,35.2,6.05
53449,66.8,-362,64.84,nan,nan,nan,0.519,nan,35.2,6.05
53450,66.8,-362,64.84,nan,nan,nan,0.519,nan,35.2,6.05
53451,66.8,-362,64.84,nan,nan,nan,0.522,nan,35.2,5.95
53452,66.8,-362,64.84,nan,nan,nan,0.522,nan,35.2,5.95
53453,66.8,-361,64.84,nan,nan,nan,0.527,nan,35.2,5.95
53454,66.8,-361,64.84,nan,nan,nan,0.527,nan,35.2,5.95
53455,66.8,-360,64.84,nan,nan,nan,0.527,nan,35.2,5.95
53456,66.8,-360,64.84,nan,nan,nan,0.527,nan,35.2,5.95
53457,66.8,-360,64.84,nan,nan,nan,0.527,nan,35.2,5.95
53458,66.8,-359,64.84,nan,nan,nan,0.527,nan,35.2,5.95
53459,66.8,-358,64.84,nan,nan,nan,0.535,nan,35.2,5.95
53460,66.8,-357,64.84,nan,nan,nan,0.527,nan,35.2,5.95
53461,68.7,-357,64.84,nan,nan,nan,0.527,0.707,35.2,5.95
53462,68.7,-357,64.84,nan,nan,nan,0.527,0.707,35.2,5.95
53463,68.7,-357,64.84,nan,nan,nan,0.527,0.707,35.2,5.95
53464,68.7,-356,64.84,nan,nan,nan,0.527,0.707,35.2,5.95
53465,68.7,-355,64.84,nan,nan,nan,0.522,0.577,35.2,5.95
53466,70.25,-354,64.84,nan,nan,nan,0.522,0.577,35.2,5.95
53467,70.25,-354,64.84,nan,nan,nan,0.522,0.577,35.2,5.95
53468,70.25,-353,64.84,nan,nan,nan,0.519,0.548,35.2,5.95
53469,73.7,-353,64.84,nan,nan,nan,0.519,0.548,35.2,8.1
53470,73.7,-353,64.84,nan,nan,nan,0.519,0.577,35.2,8.1
53471,73.7,-353,64.84,nan,nan,nan,0.519,0.577,35.2,8.1
53472,73.7,-353,64.84,nan,nan,nan,0.519,0.577,35.2,8.1
53473,73.7,-352,64.84,nan,nan,nan,0.519,0.548,35.2,8.1
53474,76.2,-352,64.84,nan,nan,nan,0.519,0.548,35.2,10.6
53475,76.2,-353,64.84,nan,nan,nan,0.516,0.548,35.2,10.6
53476,73.7,-353,64.84,nan,nan,nan,0.516,0.548,35.2,10.6
53477,73.7,-352,64.84,nan,nan,nan,0.514,0.548,35.2,10.6
53478,78.05,-352,64.84,nan,nan,nan,0.514,0.548,35.2,12.45
53479,78.05,-356,64.84,nan,nan,nan,0.513,0.535,35.2,12.45
53480,71.4,-356,64.84,nan,nan,nan,0.513,0.535,35.2,12.45
53481,71.4,-356,64.84,nan,nan,nan,0.513,0.535,35.2,12.45
53482,71.4,-356,64.84,nan,nan,nan,0.513,0.535,35.2,12.45
53483,71.4,-356,64.84,nan,nan,nan,0.513,0.548,35.2,12.45
53484,71.4,-355,64.84,nan,nan,nan,0.513,0.548,35.2,12.45
53485,71.4,-355,64.84,nan,nan,nan,0.513,0.577,35.2,12.45
53486,71.4,-355,64.84,nan,nan,nan,0.513,0.577,35.2,12.45
53487,71.4,-355,64.84,nan,nan,nan,0.513,0.707,35.2,12.45
53488,71.4,-355,64.84,nan,nan,nan,0.513,nan,35.2,12.45
53489,71.4,-354,64.84,nan,nan,nan,0.513,nan,35.2,12.45
53490,71.4,-354,64.84,nan,nan,nan,0.513,nan,35.2,12.45
53491,71.4,-354,64.84,nan,nan,nan,0.513,nan,35.2,12.45
53492,71.4,-354,64.84,nan,nan,nan,0.513,nan,35.2,12.45
53493,71.4,-354,64.84,nan,nan,nan,0.513,nan,35.2,12.45
53494,71.4,-354,64.84,nan,nan,nan,0.513,nan,35.2,12.45
53495,71.4,-356,64.84,nan,nan,nan,0.512,nan,35.2,12.45
53496,66.7,-355,64.84,nan,nan,nan,0.518,0.79,35.2,12.45
53497,67.25,-355,64.84,nan,nan,nan,0.516,0.614,35.2,12.45
53498,67.25,-354,64.84,nan,nan,nan,0.516,0.613,35.2,12.45
53499,67.5,-353,64.84,nan,nan,nan,2.473,5.45,35.2,12.45
53500,70.65,-355,64.84,nan,nan,nan,2.46,5.153,35.2,12.45
53501,66.9,-355,64.84,nan,nan,nan,2.466,4.778,35.2,12.45
53502,66.9,-354,64.84,nan,nan,nan,2.46,4.435,35.2,11.35
53503,70.4,-353,64.84,nan,nan,nan,2.414,4.169,35.2,11.35
53504,72.25,-353,64.84,nan,nan,nan,2.419,4.202,35.2,11.35
53505,72.25,-353,64.84,nan,nan,nan,2.461,4.443,35.2,11.35
53506,72.25,-353,64.84,nan,nan,nan,2.461,4.738,35.2,11.35
53507,72.25,-359,64.84,nan,nan,nan,2.414,4.738,35.2,11.35
53508,67.65,-359,64.84,nan,nan,nan,2.374,0.757,35.2,11.35
53509,67.65,-358,64.84,nan,nan,nan,2.374,0.493,35.2,11.35
53510,67.65,-357,64.84,nan,nan,nan,2.374,0.5,35.2,11.35
53511,67.65,-357,64.84,nan,nan,nan,2.374,0.481,35.2,11.35
53512,67.65,-357,64.84,nan,nan,nan,2.374,0.577,35.2,11.35
53513,67.65,-357,64.84,nan,nan,nan,2.374,0.707,35.2,11.35
53514,67.65,-357,64.84,nan,nan,nan,2.374,0.707,35.2,11.35
53515,67.65,-356,64.84,nan,nan,nan,2.374,0.707,35.2,11.35
53516,67.65,-356,64.84,nan,nan,nan,2.374,nan,35.2,11.35
53517,67.65,-355,64.84,nan,nan,nan,2.374,nan,35.2,11.35
53518,67.65,-355,64.84,nan,nan,nan,2.374,nan,35.2,11.35
53519,67.65,-354,64.84,nan,nan,nan,2.332,nan,35.2,11.35
53520,70.4,-353,64.84,nan,nan,nan,2.293,0.219,35.2,11.35
53521,74.0,-353,64.84,nan,nan,nan,2.259,0.684,35.2,11.35
53522,74.0,-353,64.84,nan,nan,nan,2.259,0.684,35.2,11.35
53523,74.0,-352,64.84,nan,nan,nan,2.223,0.57,35.2,11.35
53524,76.3,-351,64.84,nan,nan,nan,2.193,0.617,35.2,11.35
53525,76.3,-351,64.84,nan,nan,nan,2.193,0.617,35.2,11.35
53526,76.3,-350,64.84,nan,nan,nan,2.193,0.617,35.2,11.35
53527,76.3,-349,64.84,nan,nan,nan,2.16,0.569,35.2,11.35
53528,78.5,-348,64.84,nan,nan,nan,2.136,0.757,35.2,11.8
53529,82.75,-348,64.84,nan,nan,nan,2.11,0.794,35.2,16.05
53530,82.75,-349,64.84,nan,nan,nan,2.081,0.732,35.2,16.05
53531,78.5,-348,64.84,nan,nan,nan,2.074,0.959,35.2,16.05
53532,82.75,-348,64.84,nan,nan,nan,2.05,0.958,35.2,16.05
53533,82.75,-347,64.84,nan,nan,nan,2.05,1.029,35.2,16.05
53534,82.75,-347,64.84,nan,nan,nan,2.05,1.029,35.2,16.05
53535,82.75,-347,64.84,nan,nan,nan,2.05,1.029,35.2,16.05
53536,82.75,-347,64.84,nan,nan,nan,2.05,1.116,35.2,16.05
53537,82.75,-347,64.84,nan,nan,nan,2.05,0.816,35.2,16.05
53538,82.75,-347,64.84,nan,nan,nan,2.077,1.0,35.2,16.05
53539,82.75,-347,64.84,nan,nan,nan,2.102,0.707,35.2,16.05
53540,82.75,-347,64.84,nan,nan,nan,2.102,nan,35.2,16.05
53541,82.75,-346,64.84,nan,nan,nan,2.102,nan,35.2,16.05
53542,82.75,-345,64.84,nan,nan,nan,2.102,nan,35.2,16.05
53543,82.75,-345,64.84,nan,nan,nan,2.102,nan,35.2,16.05
53544,82.75,-344,64.84,nan,nan,nan,2.074,nan,35.2,16.05
53545,82.95,-344,64.84,nan,nan,nan,2.05,0.707,35.2,16.25
53546,82.95,-344,64.84,nan,nan,nan,2.05,0.707,35.2,16.25
53547,82.95,-343,64.84,nan,nan,nan,2.05,0.707,35.2,16.25
53548,82.95,-343,64.84,nan,nan,nan,2.05,0.707,35.2,16.25
53549,82.95,-342,64.84,nan,nan,nan,2.05,0.707,35.2,16.25
53550,82.95,-342,64.84,nan,nan,nan,2.05,0.707,35.2,16.25
53551,82.95,-341,64.84,nan,nan,nan,2.05,0.707,35.2,16.25
53552,82.95,-341,64.84,nan,nan,nan,2.05,0.707,35.2,16.25
53553,82.95,-341,64.84,nan,nan,nan,2.05,nan,35.2,16.25
53554,82.95,-341,64.84,nan,nan,nan,2.05,nan,35.2,16.25
53555,82.95,-341,64.84,nan,nan,nan,2.05,nan,35.2,16.25
53556,82.95,-341,64.84,nan,nan,nan,2.05,nan,35.2,16.25
53557,82.95,-341,64.84,nan,nan,nan,2.05,nan,35.2,16.25
53558,82.95,-341,64.84,nan,nan,nan,2.05,nan,35.2,16.25
53559,82.95,-341,64.84,nan,nan,nan,2.077,nan,35.2,16.25
53560,82.95,-341,64.84,nan,nan,nan,2.102,nan,35.2,16.25
53561,82.95,-340,64.84,nan,nan,nan,2.102,nan,35.2,16.25
53562,82.95,-340,64.84,nan,nan,nan,2.102,nan,35.2,16.25
53563,82.95,-340,64.84,nan,nan,nan,2.102,nan,35.2,16.25
53564,82.95,-340,64.84,nan,nan,nan,2.132,nan,35.2,16.25
53565,82.95,-366,64.84,nan,nan,nan,2.128,nan,35.2,16.25
53566,76.35,-365,64.84,nan,nan,nan,2.102,0.707,35.2,16.25
53567,76.35,-364,64.84,nan,nan,nan,2.132,0.707,35.2,16.25
53568,76.35,-364,64.84,nan,nan,nan,2.159,0.707,35.2,16.25
53569,76.35,-363,64.84,nan,nan,nan,2.159,0.707,35.2,16.25
53570,76.35,-363,64.84,nan,nan,nan,2.159,0.707,35.2,16.25
53571,76.35,-363,64.84,nan,nan,nan,2.159,0.707,35.2,16.25
53572,76.35,-363,64.84,nan,nan,nan,2.191,0.707,35.2,16.25
53573,76.35,-362,64.84,nan,nan,nan,2.22,0.707,35.2,16.25
53574,76.35,-362,64.84,nan,nan,nan,2.255,nan,35.2,16.25
53575,76.35,-362,64.84,nan,nan,nan,2.288,nan,35.2,16.25
53576,76.35,-363,64.84,nan,nan,nan,2.288,nan,35.2,16.25
53577,72.75,-362,64.84,nan,nan,nan,2.317,1.66,35.2,16.25
53578,77.6,-362,64.84,nan,nan,nan,2.321,1.178,35.2,16.25
53579,77.6,-362,64.84,nan,nan,nan,2.356,1.178,35.2,16.25
53580,77.6,-367,64.84,nan,nan,nan,2.317,1.112,35.2,16.25
53581,70.2,-370,64.84,nan,nan,nan,2.28,0.978,35.2,16.25
53582,66.15,-370,64.84,nan,nan,nan,2.248,0.88,35.2,16.8
53583,66.15,-370,64.84,nan,nan,nan,2.248,0.88,35.2,16.8
53584,66.15,-370,64.84,nan,nan,nan,2.248,0.88,35.2,16.8
53585,66.15,-370,64.84,nan,nan,nan,2.248,0.881,35.2,16.8
53586,66.15,-370,64.84,nan,nan,nan,2.248,0.483,35.2,16.8
53587,66.15,-370,64.84,nan,nan,nan,2.248,0.501,35.2,16.8
53588,66.15,-369,64.84,nan,nan,nan,2.248,0.501,35.2,16.8
53589,66.15,-368,64.84,nan,nan,nan,2.214,0.501,35.2,16.8
53590,66.45,-368,64.84,nan,nan,nan,2.185,0.577,35.2,16.8
53591,66.45,-368,64.84,nan,nan,nan,2.185,0.707,35.2,16.8
53592,66.45,-367,64.84,nan,nan,nan,2.154,0.577,35.2,16.8
53593,69.95,-366,64.84,nan,nan,nan,2.124,0.505,35.2,16.8
53594,73.55,-366,64.84,nan,nan,nan,2.128,0.553,35.2,16.8
53595,73.55,-365,64.84,nan,nan,nan,2.153,0.553,35.2,16.8
53596,73.55,-365,64.84,nan,nan,nan,2.18,0.553,35.2,16.8
53597,73.55,-365,64.84,nan,nan,nan,2.213,0.553,35.2,16.8
53598,73.55,-365,64.84,nan,nan,nan,0.74,0.586,35.2,16.8
53599,73.55,-365,64.84,nan,nan,nan,0.693,0.586,35.2,16.8
53600,73.55,-365,64.84,nan,nan,nan,0.699,0.586,35.2,16.8
53601,73.55,-364,64.84,nan,nan,nan,0.704,0.727,35.2,16.8
53602,73.55,-364,64.84,nan,nan,nan,0.716,nan,35.2,16.8
53603,73.55,-363,64.84,nan,nan,nan,0.724,nan,35.2,16.8
53604,73.55,-362,64.84,nan,nan,nan,0.717,nan,35.2,16.8
53605,76.1,-362,64.84,nan,nan,nan,0.71,0.707,35.2,16.8
53606,76.1,-362,64.84,nan,nan,nan,0.716,0.707,35.2,16.8
53607,76.1,-362,64.84,nan,nan,nan,0.724,0.707,35.2,16.8
53608,76.1,-362,64.84,nan,nan,nan,0.724,0.707,35.2,16.8
53609,76.1,-362,64.84,nan,nan,nan,0.724,0.707,35.2,16.8
53610,76.1,-361,64.84,nan,nan,nan,0.724,0.707,35.2,16.8
53611,76.1,-361,64.84,nan,nan,nan,0.724,0.707,35.2,16.8
53612,76.1,-361,64.84,nan,nan,nan,0.724,0.707,35.2,16.8
53613,76.1,-361,64.84,nan,nan,nan,0.724,nan,35.2,16.8
53614,76.1,-360,64.84,nan,nan,nan,0.717,nan,35.2,16.8
53615,77.45,-359,64.84,nan,nan,nan,0.71,0.707,35.2,16.8
53616,77.45,-359,64.84,nan,nan,nan,0.71,0.707,35.2,16.8
53617,77.45,-359,64.84,nan,nan,nan,0.71,0.707,35.2,16.8
53618,77.45,-358,64.84,nan,nan,nan,0.716,0.707,35.2,16.8
53619,77.45,-358,64.84,nan,nan,nan,0.71,0.707,35.2,16.8
53620,77.45,-357,64.84,nan,nan,nan,0.719,0.707,35.2,16.8
53621,77.45,-357,64.84,nan,nan,nan,0.719,0.707,35.2,16.8
53622,77.45,-357,64.84,nan,nan,nan,0.724,0.707,35.2,16.8
53623,77.45,-357,64.84,nan,nan,nan,0.734,nan,35.2,16.8
53624,77.45,-357,64.84,nan,nan,nan,0.734,nan,35.2,16.8
53625,77.45,-359,64.84,nan,nan,nan,0.727,nan,35.2,16.8
53626,73.5,-359,64.84,nan,nan,nan,0.724,0.707,35.2,16.8
53627,73.5,-359,64.84,nan,nan,nan,0.67,0.707,35.2,16.8
53628,73.5,-359,64.84,nan,nan,nan,0.68,0.707,35.2,16.8
53629,73.5,-359,64.84,nan,nan,nan,0.682,0.707,35.2,16.8
53630,73.5,-359,64.84,nan,nan,nan,0.629,0.707,35.2,16.8
53631,73.5,-359,64.84,nan,nan,nan,0.637,0.707,35.2,16.8
53632,73.5,-359,64.84,nan,nan,nan,0.637,0.707,35.2,16.8
53633,73.5,-359,64.84,nan,nan,nan,0.637,0.707,35.2,16.8
53634,73.5,-359,64.84,nan,nan,nan,0.637,nan,35.2,16.8
53635,73.5,-359,64.84,nan,nan,nan,0.637,nan,35.2,16.8
53636,73.5,-359,64.84,nan,nan,nan,0.637,nan,35.2,16.8
53637,73.5,-359,64.84,nan,nan,nan,0.637,nan,35.2,16.8
53638,73.5,-358,64.84,nan,nan,nan,0.633,nan,35.2,16.8
53639,76.1,-358,64.84,nan,nan,nan,0.626,0.707,35.2,16.8
53640,76.1,-358,64.84,nan,nan,nan,0.626,0.707,35.2,16.8
53641,76.1,-357,64.84,nan,nan,nan,0.626,0.707,35.2,16.8
53642,76.1,-356,64.84,nan,nan,nan,0.626,0.707,35.2,16.8
53643,76.1,-356,64.84,nan,nan,nan,0.629,0.707,35.2,16.8
53644,76.1,-359,64.84,nan,nan,nan,0.633,0.577,35.2,16.8
53645,69.25,-359,64.84,nan,nan,nan,0.626,0.577,35.2,16.8
53646,69.25,-359,64.84,nan,nan,nan,0.626,0.577,35.2,16.8
53647,69.25,-359,64.84,nan,nan,nan,0.626,0.577,35.2,16.8
53648,69.25,-359,64.84,nan,nan,nan,0.626,0.707,35.2,16.8
53649,69.25,-363,64.84,nan,nan,nan,0.623,0.577,35.2,16.8
53650,65.7,-362,64.84,nan,nan,nan,0.617,0.577,35.2,17.25
53651,65.7,-361,64.84,nan,nan,nan,0.617,0.577,35.2,17.25
53652,65.7,-361,64.84,nan,nan,nan,0.617,0.577,35.2,17.25
53653,65.7,-360,64.84,nan,nan,nan,0.614,0.577,35.2,17.25
53654,68.95,-360,64.84,nan,nan,nan,0.609,0.577,35.2,17.25
53655,68.95,-360,64.84,nan,nan,nan,0.609,0.577,35.2,17.25
53656,68.95,-360,64.84,nan,nan,nan,0.609,0.577,35.2,17.25
53657,68.95,-360,64.84,nan,nan,nan,0.609,0.577,35.2,17.25
53658,68.95,-360,64.84,nan,nan,nan,0.609,0.577,35.2,17.25
53659,68.95,-360,64.84,nan,nan,nan,0.609,0.707,35.2,17.25
53660,68.95,-360,64.84,nan,nan,nan,0.609,0.707,35.2,17.25
53661,68.95,-360,64.84,nan,nan,nan,0.609,0.707,35.2,17.25
53662,68.95,-360,64.84,nan,nan,nan,0.609,nan,35.2,17.25
53663,68.95,-360,64.84,nan,nan,nan,0.609,nan,35.2,17.25
53664,68.95,-359,64.84,nan,nan,nan,0.611,nan,35.2,17.25
53665,68.95,-358,64.84,nan,nan,nan,0.614,nan,35.2,11.9
53666,72.2,-358,64.84,nan,nan,nan,0.609,0.707,35.2,11.9
53667,72.2,-358,64.84,nan,nan,nan,0.609,0.707,35.2,11.9
53668,72.2,-358,64.84,nan,nan,nan,0.609,0.707,35.2,11.9
53669,72.2,-357,64.84,nan,nan,nan,0.606,0.577,35.2,11.9
53670,77.3,-357,64.84,nan,nan,nan,0.602,0.577,35.2,11.9
53671,77.3,-375,64.84,nan,nan,nan,0.6,0.548,35.2,11.9
53672,69.5,-375,64.84,nan,nan,nan,0.596,0.548,35.2,11.9
53673,69.5,-375,64.84,nan,nan,nan,0.596,0.548,35.2,11.9
53674,69.5,-376,64.84,nan,nan,nan,0.594,0.548,35.2,11.9
53675,65.8,-376,64.84,nan,nan,nan,0.591,0.548,35.2,11.9
53676,65.8,-375,64.84,nan,nan,nan,0.501,0.535,35.2,11.9
53677,69.5,-375,64.84,nan,nan,nan,0.501,0.535,35.2,11.9
53678,69.5,-375,64.84,nan,nan,nan,0.501,0.535,35.2,11.9
53679,69.5,-375,64.84,nan,nan,nan,0.501,0.548,35.2,11.9
53680,69.5,-375,64.84,nan,nan,nan,0.51,0.548,35.2,11.75
53681,69.5,-374,64.84,nan,nan,nan,0.508,0.548,35.2,11.75
53682,71.45,-373,64.84,nan,nan,nan,0.509,0.548,35.2,11.75
53683,71.45,-372,64.84,nan,nan,nan,0.508,0.548,35.2,11.75
53684,72.45,-371,64.84,nan,nan,nan,0.508,0.548,35.2,11.75
53685,72.45,-371,64.84,nan,nan,nan,0.508,0.548,35.2,11.75
53686,72.45,-371,64.84,nan,nan,nan,0.508,0.577,35.2,11.75
53687,72.45,-370,64.84,nan,nan,nan,0.508,0.577,35.2,11.75
53688,72.45,-370,64.84,nan,nan,nan,0.509,0.577,35.2,11.75
53689,72.45,-369,64.84,nan,nan,nan,0.509,0.577,35.2,11.75
53690,72.45,-368,64.84,nan,nan,nan,0.509,0.577,35.2,11.75
53691,72.45,-367,64.84,nan,nan,nan,0.51,0.707,35.2,11.75
53692,72.45,-367,64.84,nan,nan,nan,0.509,nan,35.2,11.75
53693,72.45,-367,64.84,nan,nan,nan,0.509,nan,35.2,11.75
53694,72.45,-367,64.84,nan,nan,nan,0.509,nan,35.2,11.75
53695,72.45,-367,64.84,nan,nan,nan,0.509,nan,35.2,11.75
53696,72.45,-367,64.84,nan,nan,nan,0.509,nan,35.2,11.75
53697,72.45,-367,64.84,nan,nan,nan,0.509,nan,35.2,11.75
53698,72.45,-366,64.84,nan,nan,nan,0.509,nan,35.2,11.75
53699,72.95,-365,64.84,nan,nan,nan,0.5,0.354,35.2,11.75
53700,73.2,-364,64.84,nan,nan,nan,0.5,0.5,35.2,11.75
53701,73.2,-363,64.84,nan,nan,nan,0.5,0.479,35.2,11.75
53702,73.3,-363,64.84,nan,nan,nan,0.5,0.5,35.2,11.75
53703,73.3,-362,64.84,nan,nan,nan,0.5,0.5,35.2,11.75
53704,73.3,-361,64.84,nan,nan,nan,0.5,0.492,35.2,11.75
53705,73.35,-361,64.84,nan,nan,nan,0.5,0.5,35.2,11.75
53706,73.35,-361,64.84,nan,nan,nan,0.5,0.5,35.2,11.75
53707,73.35,-360,64.84,nan,nan,nan,0.5,0.492,35.2,11.75
53708,73.35,-359,64.84,nan,nan,nan,0.5,0.548,35.2,11.75
53709,73.35,-359,64.84,nan,nan,nan,0.5,0.577,35.2,11.75
53710,73.35,-360,64.84,nan,nan,nan,0.5,0.577,35.2,11.75
53711,73.3,-359,64.84,nan,nan,nan,0.555,0.957,35.2,11.75
53712,73.35,-359,64.84,nan,nan,nan,0.553,0.837,35.2,11.75
53713,73.35,-359,64.84,nan,nan,nan,0.553,0.816,35.2,11.75
53714,73.35,-358,64.84,nan,nan,nan,0.556,1.0,35.2,11.75
53715,73.35,-358,64.84,nan,nan,nan,0.556,1.0,35.2,11.75
53716,73.35,-358,64.84,nan,nan,nan,0.556,1.0,35.2,11.75
53717,73.35,-357,64.84,nan,nan,nan,0.556,1.0,35.2,11.75
53718,73.35,-356,64.84,nan,nan,nan,0.556,1.0,35.2,11.75
53719,73.35,-356,64.84,nan,nan,nan,0.556,0.707,35.2,11.75
53720,73.35,-355,64.84,nan,nan,nan,0.556,nan,35.2,11.75
53721,73.35,-354,64.84,nan,nan,nan,0.556,nan,35.2,11.75
53722,73.35,-353,64.84,nan,nan,nan,0.556,nan,35.2,11.75
53723,73.35,-352,64.84,nan,nan,nan,0.556,nan,35.2,11.75
53724,73.35,-353,64.84,nan,nan,nan,0.556,nan,35.2,11.75
53725,73.35,-353,64.84,nan,nan,nan,0.559,nan,35.2,11.6
53726,73.35,-352,64.84,nan,nan,nan,0.559,nan,35.2,11.6
53727,73.35,-353,64.84,nan,nan,nan,0.559,nan,35.2,11.6
53728,73.35,-359,64.84,nan,nan,nan,0.558,nan,35.2,11.6
53729,72.45,-359,64.84,nan,nan,nan,0.556,0.707,35.2,11.6
53730,72.45,-358,64.84,nan,nan,nan,0.555,0.577,35.2,11.6
53731,72.95,-358,64.84,nan,nan,nan,0.553,0.577,35.2,11.6
53732,72.95,-358,64.84,nan,nan,nan,0.553,0.577,35.2,11.6
53733,72.95,-358,64.84,nan,nan,nan,0.553,0.577,35.2,11.6
53734,72.95,-358,64.84,nan,nan,nan,0.553,0.577,35.2,11.6
53735,72.95,-358,64.84,nan,nan,nan,0.553,0.577,35.2,11.6
53736,72.95,-358,64.84,nan,nan,nan,0.553,0.577,35.2,11.6
53737,72.95,-358,64.84,nan,nan,nan,0.553,0.577,35.2,11.6
53738,72.95,-357,64.84,nan,nan,nan,0.556,0.707,35.2,11.6
53739,72.95,-357,64.84,nan,nan,nan,0.556,nan,35.2,11.6
53740,72.95,-357,64.84,nan,nan,nan,0.556,nan,35.2,11.6
53741,72.95,-356,64.84,nan,nan,nan,0.555,nan,35.2,11.6
53742,73.2,-356,64.84,nan,nan,nan,0.553,0.707,35.2,11.6
53743,73.2,-355,64.84,nan,nan,nan,0.553,0.707,35.2,11.6
53744,73.2,-354,64.84,nan,nan,nan,0.555,0.577,35.2,11.6
53745,73.3,-354,64.84,nan,nan,nan,0.553,0.577,35.2,11.6
53746,73.3,-353,64.84,nan,nan,nan,0.552,0.548,35.2,11.6
53747,76.0,-353,64.84,nan,nan,nan,0.55,0.548,35.2,11.6
53748,76.0,-353,64.84,nan,nan,nan,0.55,0.548,35.2,11.6
53749,76.0,-353,64.84,nan,nan,nan,0.553,0.548,35.2,11.6
53750,76.0,-352,64.84,nan,nan,nan,0.552,0.548,35.2,11.6
53751,77.4,-351,64.84,nan,nan,nan,0.55,0.548,35.2,11.7
53752,77.4,-351,64.84,nan,nan,nan,0.55,0.548,35.2,11.7
53753,77.4,-351,64.84,nan,nan,nan,0.553,0.548,35.2,11.6
53754,77.4,-351,64.84,nan,nan,nan,0.553,0.577,35.2,11.6
53755,77.4,-351,64.84,nan,nan,nan,0.553,0.577,35.2,11.6
53756,77.4,-351,64.84,nan,nan,nan,0.553,0.707,35.2,11.6
53757,77.4,-351,64.84,nan,nan,nan,0.553,0.707,35.2,11.6
53758,77.4,-350,64.84,nan,nan,nan,0.552,0.577,35.2,11.6
53759,78.1,-349,64.84,nan,nan,nan,0.55,0.577,35.2,12.3
53760,78.1,-348,64.84,nan,nan,nan,0.55,0.707,35.2,12.3
53761,78.1,-347,64.84,nan,nan,nan,0.55,0.707,35.2,12.3
53762,78.1,-347,64.84,nan,nan,nan,0.55,0.707,35.2,12.3
53763,78.1,-347,64.84,nan,nan,nan,0.55,0.707,35.2,12.3
53764,78.1,-347,64.84,nan,nan,nan,0.55,0.707,35.2,12.3
53765,78.1,-346,64.84,nan,nan,nan,0.553,0.707,35.2,12.3
53766,78.1,-357,64.84,nan,nan,nan,0.552,0.577,35.2,12.3
53767,73.7,-357,64.84,nan,nan,nan,0.55,0.577,35.2,12.3
53768,73.7,-357,64.84,nan,nan,nan,0.55,0.707,35.2,12.3
53769,73.7,-357,64.84,nan,nan,nan,0.553,0.707,35.2,12.3
53770,73.7,-357,64.84,nan,nan,nan,0.553,0.707,35.2,12.3
53771,73.7,-357,64.84,nan,nan,nan,0.556,0.707,35.2,12.3
53772,73.7,-357,64.84,nan,nan,nan,0.556,0.707,35.2,12.3
53773,73.7,-357,64.84,nan,nan,nan,0.556,0.707,35.2,12.3
53774,73.7,-357,64.84,nan,nan,nan,0.559,0.707,35.2,12.3
53775,73.7,-357,64.84,nan,nan,nan,0.559,nan,35.2,12.3
53776,73.7,-357,64.84,nan,nan,nan,0.562,nan,35.2,8.6
53777,73.7,-357,64.84,nan,nan,nan,0.562,nan,35.2,8.6
53778,73.7,-356,64.84,nan,nan,nan,0.562,nan,35.2,8.6
53779,73.7,-356,64.84,nan,nan,nan,0.562,nan,35.2,8.6
53780,73.7,-355,64.84,nan,nan,nan,0.563,nan,35.2,8.6
53781,73.7,-355,64.84,nan,nan,nan,0.567,nan,35.2,6.65
53782,73.7,-355,64.84,nan,nan,nan,0.567,nan,35.2,6.65
53783,73.7,-358,64.84,nan,nan,nan,0.571,nan,35.2,5.65
53784,72.85,-358,64.84,nan,nan,nan,0.567,0.707,35.2,5.65
53785,72.85,-358,64.84,nan,nan,nan,0.567,0.707,35.2,5.65
53786,72.85,-358,64.84,nan,nan,nan,0.567,0.707,35.2,5.65
53787,72.85,-358,64.84,nan,nan,nan,0.567,0.707,35.2,5.65
53788,72.85,-358,64.84,nan,nan,nan,0.567,0.707,35.2,5.65
53789,72.85,-363,64.84,nan,nan,nan,0.566,0.577,35.2,5.65
53790,67.4,-363,64.84,nan,nan,nan,0.562,0.577,35.2,10.7
53791,67.4,-363,64.84,nan,nan,nan,0.562,0.577,35.2,10.7
53792,67.4,-362,64.84,nan,nan,nan,0.562,0.577,35.2,10.7
53793,67.4,-361,64.84,nan,nan,nan,0.562,0.577,35.2,10.7
53794,68.3,-360,64.84,nan,nan,nan,0.559,0.577,35.2,10.7
53795,68.3,-360,64.84,nan,nan,nan,0.559,0.577,35.2,10.7
53796,68.3,-360,64.84,nan,nan,nan,0.559,0.577,35.2,10.7
53797,68.3,-360,64.84,nan,nan,nan,0.559,0.577,35.2,10.7
53798,68.3,-359,64.84,nan,nan,nan,0.568,0.577,35.2,10.7
53799,70.8,-358,64.84,nan,nan,nan,0.568,0.577,35.2,10.7
53800,70.8,-358,64.84,nan,nan,nan,0.568,0.577,35.2,10.7
53801,70.8,-359,64.84,nan,nan,nan,0.571,0.548,35.2,10.7
53802,69.9,-367,64.84,nan,nan,nan,0.893,1.786,35.2,10.7
53803,66.0,-366,64.84,nan,nan,nan,0.896,1.786,35.2,12.1
53804,66.0,-365,64.84,nan,nan,nan,0.905,1.786,35.2,12.1
53805,66.0,-364,64.84,nan,nan,nan,0.905,1.786,35.2,12.1
53806,66.0,-366,64.84,nan,nan,nan,0.893,1.601,35.2,12.1
53807,63.5,-365,64.84,nan,nan,nan,0.885,1.679,35.2,14.6
53808,63.5,-365,64.84,nan,nan,nan,0.885,1.786,35.2,14.6
53809,63.5,-364,64.84,nan,nan,nan,0.896,1.786,35.2,14.6
53810,63.5,-364,64.84,nan,nan,nan,0.863,2.055,35.2,14.6
53811,63.5,-364,64.84,nan,nan,nan,0.87,0.577,35.2,14.6
53812,63.5,-364,64.84,nan,nan,nan,0.87,0.707,35.2,14.6
53813,63.5,-363,64.84,nan,nan,nan,0.87,0.707,35.2,14.6
53814,63.5,-363,64.84,nan,nan,nan,0.87,0.707,35.2,14.6
53815,63.5,-362,64.84,nan,nan,nan,0.87,nan,35.2,14.6
53816,63.5,-362,64.84,nan,nan,nan,0.87,nan,35.2,14.6
53817,63.5,-362,64.84,nan,nan,nan,0.87,nan,35.2,14.6
53818,63.5,-362,64.84,nan,nan,nan,0.87,nan,35.2,14.6
53819,63.5,-361,64.84,nan,nan,nan,0.857,nan,35.2,14.6
53820,67.4,-361,64.84,nan,nan,nan,0.851,0.707,35.2,14.6
53821,67.4,-361,64.84,nan,nan,nan,0.851,0.707,35.2,14.6
53822,67.4,-360,64.84,nan,nan,nan,0.84,0.577,35.2,14.6
53823,72.5,-359,64.84,nan,nan,nan,0.83,0.534,35.2,14.6
53824,73.35,-358,64.84,nan,nan,nan,0.825,0.522,35.2,14.6
53825,73.35,-358,64.84,nan,nan,nan,0.825,0.522,35.2,14.6
53826,73.35,-358,64.84,nan,nan,nan,0.825,0.522,35.2,14.6
53827,73.35,-359,64.84,nan,nan,nan,0.825,0.521,35.2,14.6
53828,72.5,-358,64.84,nan,nan,nan,0.825,0.499,35.2,14.6
53829,72.5,-358,64.84,nan,nan,nan,0.834,0.522,35.2,14.6
53830,72.5,-364,64.84,nan,nan,nan,0.83,0.521,35.2,14.6
53831,64.75,-364,64.84,nan,nan,nan,0.825,0.499,35.2,14.6
53832,64.75,-363,64.84,nan,nan,nan,0.815,0.548,35.2,14.6
53833,68.45,-363,64.84,nan,nan,nan,0.81,0.548,35.2,14.6
53834,68.45,-362,64.84,nan,nan,nan,0.81,0.548,35.2,14.6
53835,68.45,-362,64.84,nan,nan,nan,0.81,0.548,35.2,14.6
53836,68.45,-361,64.84,nan,nan,nan,0.81,0.548,35.2,14.6
53837,68.45,-361,64.84,nan,nan,nan,0.81,0.577,35.2,14.6
53838,68.45,-360,64.84,nan,nan,nan,0.801,0.548,35.2,14.6
53839,68.7,-360,64.84,nan,nan,nan,0.797,0.548,35.2,14.6
53840,68.7,-360,64.84,nan,nan,nan,0.805,0.577,35.2,14.6
53841,68.7,-359,64.84,nan,nan,nan,0.801,0.577,35.2,14.6
53842,68.8,-358,64.84,nan,nan,nan,0.797,0.577,35.2,14.6
53843,68.8,-358,64.84,nan,nan,nan,0.805,0.577,35.2,14.6
53844,68.8,-358,64.84,nan,nan,nan,0.81,0.577,35.2,14.6
53845,68.8,-357,64.84,nan,nan,nan,0.81,0.548,35.2,14.6
53846,68.85,-356,64.84,nan,nan,nan,0.81,0.548,35.2,14.6
53847,68.85,-357,64.84,nan,nan,nan,0.801,0.548,35.2,14.6
53848,68.8,-356,64.84,nan,nan,nan,8.732,21.888,35.2,14.6
53849,71.45,-356,64.84,nan,nan,nan,8.728,20.227,35.2,14.6
53850,71.45,-355,64.84,nan,nan,nan,8.847,21.806,35.2,14.6
53851,71.45,-355,64.84,nan,nan,nan,8.847,23.931,35.2,14.6
53852,71.45,-355,64.84,nan,nan,nan,8.847,23.931,35.2,14.6
53853,71.45,-354,64.84,nan,nan,nan,8.847,23.931,35.2,14.6
53854,71.45,-354,64.84,nan,nan,nan,8.847,26.671,35.2,14.6
53855,71.45,-354,64.84,nan,nan,nan,8.847,30.892,35.2,14.6
53856,71.45,-354,64.84,nan,nan,nan,8.847,37.477,35.2,14.6
53857,71.45,-353,64.84,nan,nan,nan,8.847,0.707,35.2,14.6
53858,72.85,-353,64.84,nan,nan,nan,8.847,0.707,35.2,14.6
53859,72.85,-353,64.84,nan,nan,nan,8.847,0.707,35.2,14.6
53860,72.85,-353,64.84,nan,nan,nan,8.847,0.707,35.2,14.6
53861,72.85,-352,64.84,nan,nan,nan,8.847,0.707,35.2,14.6
53862,72.85,-352,64.84,nan,nan,nan,8.847,0.707,35.2,14.6
53863,72.85,-351,64.84,nan,nan,nan,8.732,0.577,35.2,14.6
53864,73.5,-351,64.84,nan,nan,nan,8.618,0.577,35.2,14.6
53865,73.5,-351,64.84,nan,nan,nan,8.728,0.577,35.2,14.6
53866,73.5,-351,64.84,nan,nan,nan,8.847,0.577,35.2,10.2
53867,73.5,-351,64.84,nan,nan,nan,8.847,0.707,35.2,10.2
53868,73.5,-353,64.84,nan,nan,nan,8.732,0.577,35.2,10.2
53869,71.45,-357,64.84,nan,nan,nan,8.644,1.499,35.2,10.2
53870,64.25,-356,64.84,nan,nan,nan,8.533,1.541,35.2,10.2
53871,67.7,-355,64.84,nan,nan,nan,8.429,1.379,35.2,10.2
53872,70.85,-355,64.84,nan,nan,nan,8.326,1.437,35.2,10.2
53873,70.85,-355,64.84,nan,nan,nan,8.326,1.542,35.2,10.2
53874,70.85,-355,64.84,nan,nan,nan,8.326,1.542,35.2,10.2
53875,70.85,-354,64.84,nan,nan,nan,8.23,1.379,35.2,10.2
53876,72.5,-354,64.84,nan,nan,nan,8.135,1.313,35.2,10.2
53877,72.5,-354,64.84,nan,nan,nan,8.135,1.437,35.2,10.2
53878,72.5,-354,64.84,nan,nan,nan,8.135,0.643,35.2,10.2
53879,72.5,-353,64.84,nan,nan,nan,8.045,0.533,35.2,10.2
53880,74.8,-353,64.84,nan,nan,nan,7.956,0.548,35.2,11.3
53881,74.8,-353,64.84,nan,nan,nan,7.956,0.577,35.2,11.3
53882,74.8,-352,64.84,nan,nan,nan,7.956,0.548,35.2,11.3
53883,78.65,-352,64.84,nan,nan,nan,7.956,0.548,35.2,15.15
53884,78.65,-352,64.84,nan,nan,nan,7.956,0.548,35.2,15.15
53885,78.65,-357,64.84,nan,nan,nan,7.872,0.548,35.2,15.15
53886,72.75,-357,64.84,nan,nan,nan,7.788,0.548,35.2,15.15
53887,72.75,-356,64.84,nan,nan,nan,7.709,0.535,35.2,15.15
53888,73.75,-356,64.84,nan,nan,nan,7.707,0.535,35.2,15.15
53889,73.75,-356,64.84,nan,nan,nan,7.788,0.548,35.2,15.15
53890,73.75,-355,64.84,nan,nan,nan,7.788,0.548,35.2,15.15
53891,73.75,-355,64.84,nan,nan,nan,7.788,0.548,35.2,15.15
53892,73.75,-355,64.84,nan,nan,nan,7.869,0.577,35.2,15.15
53893,73.75,-355,64.84,nan,nan,nan,7.956,0.577,35.2,15.15
53894,73.75,-355,64.84,nan,nan,nan,7.956,0.577,35.2,15.15
53895,73.75,-357,64.84,nan,nan,nan,7.872,0.577,35.2,15.15
53896,71.1,-357,64.84,nan,nan,nan,7.788,0.577,35.2,15.15
53897,71.1,-357,64.84,nan,nan,nan,7.869,0.707,35.2,15.15
53898,71.1,-357,64.84,nan,nan,nan,7.956,0.707,35.2,15.15
53899,71.1,-356,64.84,nan,nan,nan,7.872,0.577,35.2,15.15
53900,72.9,-355,64.84,nan,nan,nan,7.869,0.577,35.2,15.15
53901,72.9,-354,64.84,nan,nan,nan,7.922,0.577,35.2,15.15
53902,72.9,-354,64.84,nan,nan,nan,8.011,0.577,35.2,15.15
53903,72.9,-354,64.84,nan,nan,nan,8.011,0.577,35.2,15.15
53904,72.9,-353,64.84,nan,nan,nan,7.925,0.577,35.2,15.15
53905,74.95,-353,64.84,nan,nan,nan,7.922,0.577,35.2,15.15
53906,74.95,-352,64.84,nan,nan,nan,7.925,0.548,35.2,15.15
53907,78.75,-352,64.84,nan,nan,nan,7.839,0.548,35.2,15.25
53908,78.75,-351,64.84,nan,nan,nan,7.839,0.548,35.2,15.25
53909,78.75,-350,64.84,nan,nan,nan,7.839,0.577,35.2,15.25
53910,78.75,-349,64.84,nan,nan,nan,7.839,0.577,35.2,15.25
53911,78.75,-349,64.84,nan,nan,nan,7.839,0.577,35.2,15.25
53912,78.75,-348,64.84,nan,nan,nan,7.839,0.577,35.2,15.25
53913,78.75,-348,64.84,nan,nan,nan,7.839,0.577,35.2,15.25
53914,78.75,-347,64.84,nan,nan,nan,7.839,0.707,35.2,15.25
53915,78.75,-346,64.84,nan,nan,nan,7.839,nan,35.2,15.25
53916,78.75,-346,64.84,nan,nan,nan,7.839,nan,35.2,15.25
53917,78.75,-346,64.84,nan,nan,nan,7.839,nan,35.2,15.25
53918,78.75,-346,64.84,nan,nan,nan,7.922,nan,35.2,15.25
53919,78.75,-346,64.84,nan,nan,nan,8.011,nan,35.2,14.5
53920,78.75,-346,64.84,nan,nan,nan,8.011,nan,35.2,14.5
53921,78.75,-346,64.84,nan,nan,nan,8.1,nan,35.2,14.5
53922,78.75,-346,64.84,nan,nan,nan,8.195,nan,35.2,14.5
53923,78.75,-346,64.84,nan,nan,nan,8.293,nan,35.2,14.5
53924,78.75,-346,64.84,nan,nan,nan,8.293,nan,35.2,14.5
53925,78.75,-347,64.84,nan,nan,nan,8.198,nan,35.2,14.5
53926,74.95,-346,64.84,nan,nan,nan,8.194,1.414,35.2,14.5
53927,78.75,-346,64.84,nan,nan,nan,8.194,1.0,35.2,14.5
53928,78.75,-348,64.84,nan,nan,nan,8.102,0.957,35.2,14.5
53929,72.95,-348,64.84,nan,nan,nan,8.099,0.837,35.2,14.5
53930,72.95,-347,64.84,nan,nan,nan,8.102,0.816,35.2,14.5
53931,74.95,-351,64.84,nan,nan,nan,8.1,1.126,35.2,14.5
53932,71.15,-350,64.84,nan,nan,nan,8.1,1.043,35.2,14.5
53933,71.15,-350,64.84,nan,nan,nan,8.1,1.043,35.2,14.5
53934,71.15,-350,64.84,nan,nan,nan,8.1,1.04,35.2,14.5
53935,71.15,-350,64.84,nan,nan,nan,8.1,1.059,35.2,14.5
53936,71.15,-350,64.84,nan,nan,nan,8.1,1.184,35.2,14.5
53937,71.15,-349,64.84,nan,nan,nan,8.191,1.212,35.2,14.5
53938,71.15,-348,64.84,nan,nan,nan,8.29,1.473,35.2,14.5
53939,71.15,-348,64.84,nan,nan,nan,8.29,1.344,35.2,14.5
53940,71.15,-349,64.84,nan,nan,nan,8.29,0.707,35.2,14.5
53941,69.35,-349,64.84,nan,nan,nan,8.29,0.707,35.2,14.5
53942,69.35,-349,64.84,nan,nan,nan,8.29,0.707,35.2,14.5
53943,69.35,-348,64.84,nan,nan,nan,8.195,0.577,35.2,14.5
53944,73.15,-348,64.84,nan,nan,nan,8.191,0.577,35.2,14.5
53945,73.15,-348,64.84,nan,nan,nan,8.29,0.577,35.2,14.5
53946,73.15,-348,64.84,nan,nan,nan,8.388,0.577,35.2,14.5
53947,73.15,-348,64.84,nan,nan,nan,0.83,0.577,35.2,14.5
53948,73.15,-348,64.84,nan,nan,nan,0.838,0.577,35.2,14.5
53949,73.15,-348,64.84,nan,nan,nan,0.838,0.577,35.2,14.5
53950,73.15,-348,64.84,nan,nan,nan,0.838,0.707,35.2,14.5
53951,73.15,-348,64.84,nan,nan,nan,0.838,0.707,35.2,14.5
53952,73.15,-348,64.84,nan,nan,nan,0.838,nan,35.2,14.5
53953,73.15,-347,64.84,nan,nan,nan,0.831,nan,35.2,14.5
53954,77.8,-346,64.84,nan,nan,nan,0.824,0.707,35.2,14.5
53955,77.8,-346,64.84,nan,nan,nan,0.824,0.707,35.2,14.5
53956,77.8,-345,64.84,nan,nan,nan,0.83,0.707,35.2,14.5
53957,77.8,-345,64.84,nan,nan,nan,0.838,0.707,35.2,14.5
53958,77.8,-344,64.84,nan,nan,nan,0.831,0.577,35.2,14.5
53959,79.95,-344,64.84,nan,nan,nan,0.824,0.577,35.2,15.7
53960,79.95,-343,64.84,nan,nan,nan,0.824,0.577,35.2,15.7
53961,79.95,-342,64.84,nan,nan,nan,0.824,0.577,35.2,15.7
53962,79.95,-341,64.84,nan,nan,nan,0.824,0.577,35.2,15.7
53963,83.95,-341,64.84,nan,nan,nan,0.824,0.577,35.2,19.7
53964,83.95,-340,64.84,nan,nan,nan,0.818,0.548,35.2,19.7
53965,87.55,-339,64.84,nan,nan,nan,0.812,0.548,35.2,23.3
53966,87.55,-341,64.84,nan,nan,nan,0.806,0.535,35.2,23.3
53967,80.0,-341,64.84,nan,nan,nan,0.805,0.535,35.2,23.3
53968,80.0,-341,64.84,nan,nan,nan,0.66,0.548,35.2,23.3
53969,80.0,-341,64.84,nan,nan,nan,0.654,0.548,35.2,23.3
53970,80.0,-340,64.84,nan,nan,nan,0.656,0.535,35.2,19.85
53971,83.95,-340,64.84,nan,nan,nan,0.656,0.535,35.2,18.2
53972,83.95,-339,64.84,nan,nan,nan,0.654,0.535,35.2,18.2
53973,89.6,-338,64.84,nan,nan,nan,0.65,0.535,35.2,20.25
53974,89.6,-338,64.84,nan,nan,nan,0.651,0.548,35.2,20.25
53975,89.6,-338,64.84,nan,nan,nan,0.656,0.548,35.2,20.25
53976,89.6,-338,64.84,nan,nan,nan,0.656,0.577,35.2,20.25
53977,89.6,-337,64.84,nan,nan,nan,0.656,0.577,35.2,20.25
53978,89.6,-337,64.84,nan,nan,nan,0.657,0.577,35.2,20.25
53979,89.6,-336,64.84,nan,nan,nan,0.661,0.577,35.2,20.25
53980,90.35,-335,64.84,nan,nan,nan,0.656,0.577,35.2,21.0
53981,90.35,-334,64.84,nan,nan,nan,0.657,0.577,35.2,21.0
53982,90.35,-333,64.84,nan,nan,nan,0.663,0.707,35.2,21.0
53983,90.35,-334,64.84,nan,nan,nan,0.661,0.577,35.2,21.0
53984,89.6,-334,64.84,nan,nan,nan,0.657,0.577,35.2,21.0
53985,89.6,-334,64.84,nan,nan,nan,0.663,0.577,35.2,21.0
53986,89.6,-333,64.84,nan,nan,nan,0.663,0.548,35.2,21.0
53987,90.05,-333,64.84,nan,nan,nan,0.663,0.548,35.2,21.0
53988,90.05,-333,64.84,nan,nan,nan,0.663,0.548,35.2,21.0
53989,90.05,-333,64.84,nan,nan,nan,0.663,0.577,35.2,21.0
53990,90.05,-333,64.84,nan,nan,nan,0.663,0.577,35.2,21.0
53991,90.05,-333,64.84,nan,nan,nan,0.663,0.577,35.2,21.0
53992,90.05,-333,64.84,nan,nan,nan,0.663,0.577,35.2,21.0
53993,90.05,-333,64.84,nan,nan,nan,0.663,0.707,35.2,21.0
53994,90.05,-332,64.84,nan,nan,nan,0.664,0.707,35.2,21.0
53995,90.05,-332,64.84,nan,nan,nan,0.67,nan,35.2,21.0
53996,90.05,-332,64.84,nan,nan,nan,0.67,nan,35.2,21.0
53997,90.05,-332,64.84,nan,nan,nan,0.67,nan,35.2,21.0
53998,90.05,-337,64.84,nan,nan,nan,0.67,nan,35.2,21.0
53999,81.15,-337,64.84,nan,nan,nan,0.67,0.707,35.2,21.0
54000,81.15,-337,64.84,nan,nan,nan,0.67,0.707,35.2,21.0
54001,81.15,-337,64.84,nan,nan,nan,0.67,0.707,35.2,21.0
54002,81.15,-337,64.84,nan,nan,nan,0.67,0.707,35.2,21.0
54003,81.15,-336,64.84,nan,nan,nan,0.67,0.577,35.2,21.0
54004,85.35,-335,64.84,nan,nan,nan,0.67,0.577,35.2,21.0
54005,85.35,-336,64.84,nan,nan,nan,0.67,0.548,35.2,21.0
54006,81.15,-336,64.84,nan,nan,nan,0.67,0.548,35.2,21.0
54007,81.15,-335,64.84,nan,nan,nan,0.668,0.548,35.2,21.0
54008,85.35,-335,64.84,nan,nan,nan,0.663,0.548,35.2,21.0
54009,85.35,-335,64.84,nan,nan,nan,0.663,0.548,35.2,21.0
54010,85.35,-335,64.84,nan,nan,nan,0.663,0.548,35.2,21.0
54011,85.35,-335,64.84,nan,nan,nan,0.663,0.548,35.2,21.0
54012,85.35,-335,64.84,nan,nan,nan,0.663,0.548,35.2,21.0
54013,85.35,-335,64.84,nan,nan,nan,0.663,0.577,35.2,21.0
54014,85.35,-335,64.84,nan,nan,nan,0.663,0.577,35.2,21.0
54015,85.35,-334,64.84,nan,nan,nan,0.663,0.707,35.2,21.0
54016,85.35,-334,64.84,nan,nan,nan,0.663,nan,35.2,21.0
54017,85.35,-334,64.84,nan,nan,nan,0.663,nan,35.2,21.0
54018,85.35,-334,64.84,nan,nan,nan,0.663,nan,35.2,21.0
54019,85.35,-334,64.84,nan,nan,nan,0.663,nan,35.2,21.0
54020,85.35,-336,64.84,nan,nan,nan,0.661,nan,35.2,21.0
54021,78.95,-335,64.84,nan,nan,nan,0.663,0.95,35.2,21.0
54022,81.15,-335,64.84,nan,nan,nan,0.658,0.698,35.2,21.0
54023,81.15,-335,64.84,nan,nan,nan,0.658,0.698,35.2,21.0
54024,81.15,-338,64.84,nan,nan,nan,0.658,0.691,35.2,21.0
54025,76.95,-338,64.84,nan,nan,nan,0.625,0.626,35.2,21.0
54026,76.95,-338,64.84,nan,nan,nan,0.629,0.626,35.2,21.0
54027,76.95,-338,64.84,nan,nan,nan,0.63,0.626,35.2,21.0
54028,76.95,-338,64.84,nan,nan,nan,0.635,0.626,35.2,21.0
54029,76.95,-338,64.84,nan,nan,nan,0.636,0.58,35.2,21.0
54030,76.95,-338,64.84,nan,nan,nan,0.518,0.577,35.2,21.0
54031,76.95,-338,64.84,nan,nan,nan,0.519,0.707,35.2,21.0
54032,76.95,-367,64.84,nan,nan,nan,0.519,0.577,35.2,21.0
54033,70.3,-367,64.84,nan,nan,nan,0.518,0.577,35.2,21.0
54034,70.3,-366,64.84,nan,nan,nan,0.518,0.707,35.2,21.0
54035,70.3,-366,64.84,nan,nan,nan,0.518,0.707,35.2,21.0
54036,70.3,-366,64.84,nan,nan,nan,0.518,0.707,35.2,21.0
54037,70.3,-366,64.84,nan,nan,nan,0.518,0.707,35.2,21.0
54038,70.3,-366,64.84,nan,nan,nan,0.518,0.707,35.2,21.0
54039,70.3,-366,64.84,nan,nan,nan,0.518,0.707,35.2,21.0
54040,70.3,-366,64.84,nan,nan,nan,0.519,0.707,35.2,21.0
54041,70.3,-365,64.84,nan,nan,nan,0.519,nan,35.2,21.0
54042,70.3,-364,64.84,nan,nan,nan,0.519,nan,35.2,21.0
54043,70.3,-363,64.84,nan,nan,nan,0.52,nan,35.2,20.05
54044,70.3,-363,64.84,nan,nan,nan,0.52,nan,35.2,20.05
54045,70.3,-363,64.84,nan,nan,nan,0.52,nan,35.2,20.05
54046,70.3,-363,64.84,nan,nan,nan,0.52,nan,35.2,20.05
54047,70.3,-363,64.84,nan,nan,nan,0.52,nan,35.2,20.05
54048,70.3,-363,64.84,nan,nan,nan,0.52,nan,35.2,20.05
54049,70.3,-363,64.84,nan,nan,nan,0.52,nan,35.2,20.05
54050,70.3,-363,64.84,nan,nan,nan,0.52,nan,35.2,20.05
54051,70.3,-362,64.84,nan,nan,nan,0.52,nan,35.2,20.05
54052,70.3,-362,64.84,nan,nan,nan,0.52,nan,35.2,20.05
54053,70.3,-361,64.84,nan,nan,nan,0.521,nan,35.2,20.05
54054,70.3,-360,64.84,nan,nan,nan,0.521,nan,35.2,20.05
54055,70.3,-360,64.84,nan,nan,nan,0.521,nan,35.2,20.05
54056,70.3,-359,64.84,nan,nan,nan,0.521,nan,35.2,20.05
54057,70.3,-358,64.84,nan,nan,nan,0.521,nan,35.2,20.05
54058,70.3,-357,64.84,nan,nan,nan,0.522,nan,35.2,20.05
54059,70.3,-357,64.84,nan,nan,nan,0.522,nan,35.2,20.05
54060,70.3,-357,64.84,nan,nan,nan,0.522,nan,35.2,20.05
54061,70.3,-356,64.84,nan,nan,nan,0.522,nan,35.2,20.05
54062,70.3,-355,64.84,nan,nan,nan,0.524,nan,35.2,20.05
54063,70.3,-355,64.84,nan,nan,nan,0.523,nan,35.2,20.05
54064,70.3,-355,64.84,nan,nan,nan,0.526,nan,35.2,20.05
54065,70.3,-355,64.84,nan,nan,nan,0.525,nan,35.2,20.05
54066,70.3,-355,64.84,nan,nan,nan,0.528,nan,35.2,20.05
54067,70.3,-354,64.84,nan,nan,nan,0.528,nan,35.2,20.05
54068,70.3,-353,64.84,nan,nan,nan,0.528,nan,35.2,20.05
54069,70.3,-353,64.84,nan,nan,nan,0.527,nan,35.2,20.05
54070,70.3,-352,64.84,nan,nan,nan,0.53,nan,35.2,20.05
54071,70.3,-352,64.84,nan,nan,nan,0.529,nan,35.2,20.05
54072,70.3,-351,64.84,nan,nan,nan,0.533,nan,35.2,20.05
54073,70.3,-350,64.84,nan,nan,nan,0.533,nan,35.2,20.05
54074,70.3,-350,64.84,nan,nan,nan,0.533,nan,35.2,20.05
54075,70.3,-350,64.84,nan,nan,nan,0.533,nan,35.2,20.05
54076,70.3,-349,64.84,nan,nan,nan,0.533,nan,35.2,20.05
54077,70.3,-348,64.84,nan,nan,nan,0.533,nan,35.2,20.05
54078,70.3,-348,64.84,nan,nan,nan,0.532,nan,35.2,20.05
54079,70.3,-348,64.84,nan,nan,nan,0.536,nan,35.2,20.05
54080,70.3,-347,64.84,nan,nan,nan,0.536,nan,35.2,20.05
54081,70.3,-347,64.84,nan,nan,nan,0.536,nan,35.2,20.05
54082,70.3,-347,64.84,nan,nan,nan,0.535,nan,35.2,20.05
54083,70.3,-347,64.84,nan,nan,nan,0.54,nan,35.2,19.75
54084,70.3,-347,64.84,nan,nan,nan,0.54,nan,35.2,19.75
54085,70.3,-347,64.84,nan,nan,nan,0.538,nan,35.2,19.75
54086,70.3,-347,64.84,nan,nan,nan,0.545,nan,35.2,19.75
54087,70.3,-347,64.84,nan,nan,nan,0.545,nan,35.2,19.75
54088,70.3,-347,64.84,nan,nan,nan,0.545,nan,35.2,19.75
54089,70.3,-347,64.84,nan,nan,nan,0.545,nan,35.2,19.75
54090,70.3,-351,64.84,nan,nan,nan,0.545,nan,35.2,19.75
54091,63.7,-351,64.84,nan,nan,nan,0.54,0.707,35.2,26.35
54092,63.7,-352,64.84,nan,nan,nan,0.54,0.577,35.2,26.35
54093,63.6,-352,64.84,nan,nan,nan,0.536,0.577,35.2,26.45
54094,63.6,-351,64.84,nan,nan,nan,0.536,0.577,35.2,26.45
54095,63.6,-351,64.84,nan,nan,nan,0.536,0.577,35.2,26.45
54096,63.6,-351,64.84,nan,nan,nan,0.536,0.577,35.2,26.45
54097,63.6,-350,64.84,nan,nan,nan,0.535,0.577,35.2,26.45
54098,63.6,-349,64.84,nan,nan,nan,0.54,0.548,35.2,21.75
54099,66.75,-349,64.84,nan,nan,nan,0.536,0.548,35.2,21.75
54100,66.75,-349,64.84,nan,nan,nan,0.536,0.577,35.2,21.75
54101,66.75,-349,64.84,nan,nan,nan,0.536,0.577,35.2,21.75
54102,66.75,-349,64.84,nan,nan,nan,0.535,0.707,35.2,21.75
54103,66.75,-349,64.84,nan,nan,nan,0.54,0.707,35.2,21.75
54104,66.75,-349,64.84,nan,nan,nan,0.538,0.707,35.2,21.75
54105,66.75,-349,64.84,nan,nan,nan,0.545,0.707,35.2,21.75
54106,66.75,-349,64.84,nan,nan,nan,0.543,0.707,35.2,21.75
54107,66.75,-349,64.84,nan,nan,nan,0.552,nan,35.2,21.75
54108,66.75,-349,64.84,nan,nan,nan,0.552,nan,35.2,21.75
54109,66.75,-349,64.84,nan,nan,nan,0.552,nan,35.2,21.75
54110,66.75,-349,64.84,nan,nan,nan,0.552,nan,35.2,21.75
54111,66.75,-350,64.84,nan,nan,nan,0.551,nan,35.2,21.75
54112,61.9,-349,64.84,nan,nan,nan,0.654,1.414,35.2,23.45
54113,66.75,-349,64.84,nan,nan,nan,0.639,1.0,35.2,23.45
54114,66.75,-349,64.84,nan,nan,nan,0.639,1.0,35.2,23.45
54115,66.75,-349,64.84,nan,nan,nan,0.639,1.0,35.2,23.45
54116,66.75,-349,64.84,nan,nan,nan,0.639,1.0,35.2,23.45
54117,66.75,-349,64.84,nan,nan,nan,0.639,1.0,35.2,23.45
54118,66.75,-349,64.84,nan,nan,nan,0.639,1.0,35.2,23.45
54119,66.75,-349,64.84,nan,nan,nan,0.637,1.0,35.2,23.45
54120,66.75,-348,64.84,nan,nan,nan,0.632,1.0,35.2,19.25
54121,71.6,-348,64.84,nan,nan,nan,0.632,0.577,35.2,19.25
54122,71.6,-347,64.84,nan,nan,nan,0.632,0.707,35.2,19.25
54123,71.6,-347,64.84,nan,nan,nan,0.633,0.707,35.2,19.25
54124,71.6,-346,64.84,nan,nan,nan,0.65,0.707,35.2,15.05
54125,71.6,-345,64.84,nan,nan,nan,0.65,0.707,35.2,15.05
54126,71.6,-345,64.84,nan,nan,nan,0.65,0.707,35.2,15.05
54127,71.6,-345,64.84,nan,nan,nan,0.65,0.707,35.2,15.05
54128,71.6,-345,64.84,nan,nan,nan,0.65,0.707,35.2,15.05
54129,71.6,-345,64.84,nan,nan,nan,0.65,nan,35.2,15.05
54130,71.6,-344,64.84,nan,nan,nan,0.65,nan,35.2,15.05
54131,71.6,-344,64.84,nan,nan,nan,0.651,nan,35.2,15.05
54132,71.6,-344,64.84,nan,nan,nan,0.674,nan,35.2,9.7
54133,71.6,-344,64.84,nan,nan,nan,0.674,nan,35.2,9.7
54134,71.6,-344,64.84,nan,nan,nan,0.674,nan,35.2,9.7
54135,71.6,-343,64.84,nan,nan,nan,0.674,nan,35.2,9.7
54136,71.6,-343,64.84,nan,nan,nan,0.674,nan,35.2,9.7
54137,71.6,-343,64.84,nan,nan,nan,0.674,nan,35.2,9.7
54138,71.6,-342,64.84,nan,nan,nan,0.674,nan,35.2,9.7
54139,71.6,-341,64.84,nan,nan,nan,0.674,nan,35.2,9.7
54140,71.6,-341,64.84,nan,nan,nan,0.674,nan,35.2,9.7
54141,71.6,-341,64.84,nan,nan,nan,0.674,nan,35.2,9.7
54142,71.6,-341,64.84,nan,nan,nan,0.674,nan,35.2,9.7
54143,71.6,-341,64.84,nan,nan,nan,0.674,nan,35.2,9.7
54144,71.6,-341,64.84,nan,nan,nan,0.674,nan,35.2,9.7
54145,71.6,-341,64.84,nan,nan,nan,0.674,nan,35.2,9.7
54146,71.6,-341,64.84,nan,nan,nan,0.674,nan,35.2,9.7
54147,71.6,-341,64.84,nan,nan,nan,0.674,nan,35.2,9.7
54148,71.6,-341,64.84,nan,nan,nan,0.674,nan,35.2,9.7
54149,71.6,-341,64.84,nan,nan,nan,0.674,nan,35.2,9.7
54150,71.6,-341,64.84,nan,nan,nan,0.674,nan,35.2,9.7
54151,71.6,-341,64.84,nan,nan,nan,0.674,nan,35.2,9.7
54152,71.6,-341,64.84,nan,nan,nan,0.674,nan,35.2,9.7
54153,71.6,-340,64.84,nan,nan,nan,0.669,nan,35.2,9.7
54154,73.6,-340,64.84,nan,nan,nan,0.65,0.707,35.2,11.7
54155,73.6,-362,64.84,nan,nan,nan,0.646,0.577,35.2,11.7
54156,65.15,-362,64.84,nan,nan,nan,0.632,0.577,35.2,11.7
54157,65.15,-362,64.84,nan,nan,nan,0.632,0.577,35.2,11.7
54158,65.15,-362,64.84,nan,nan,nan,0.632,0.577,35.2,11.7
54159,65.15,-361,64.84,nan,nan,nan,0.629,0.548,35.2,11.7
54160,69.15,-361,64.84,nan,nan,nan,0.618,0.548,35.2,11.7
54161,69.15,-360,64.84,nan,nan,nan,0.618,0.548,35.2,11.7
54162,69.15,-371,64.84,nan,nan,nan,0.616,0.548,35.2,11.7
54163,63.05,-371,64.84,nan,nan,nan,0.607,0.548,35.2,11.7
54164,63.05,-371,64.84,nan,nan,nan,0.607,0.548,35.2,11.7
54165,63.05,-371,64.84,nan,nan,nan,0.607,0.577,35.2,11.7
54166,63.05,-370,64.84,nan,nan,nan,0.607,0.577,35.2,11.7
54167,63.05,-370,64.84,nan,nan,nan,0.607,0.577,35.2,11.7
54168,63.05,-370,64.84,nan,nan,nan,0.607,0.577,35.2,11.7
54169,63.05,-370,64.84,nan,nan,nan,0.607,0.707,35.2,11.7
54170,63.05,-369,64.84,nan,nan,nan,0.607,0.707,35.2,11.7
54171,63.05,-369,64.84,nan,nan,nan,0.607,nan,35.2,11.7
54172,63.05,-369,64.84,nan,nan,nan,0.607,nan,35.2,11.7
54173,63.05,-369,64.84,nan,nan,nan,0.607,nan,35.2,11.7
54174,63.05,-369,64.84,nan,nan,nan,0.607,nan,35.2,11.7
54175,63.05,-369,64.84,nan,nan,nan,0.607,nan,35.2,11.7
54176,63.05,-368,64.84,nan,nan,nan,0.605,nan,35.2,11.7
54177,64.35,-367,64.84,nan,nan,nan,0.59,0.354,35.2,11.7
54178,65.0,-367,64.84,nan,nan,nan,0.583,0.5,35.2,11.7
54179,65.0,-366,64.84,nan,nan,nan,0.583,0.5,35.2,11.7
54180,65.0,-366,64.84,nan,nan,nan,0.583,0.5,35.2,11.7
54181,65.0,-366,64.84,nan,nan,nan,0.583,0.5,35.2,11.7
54182,65.0,-366,64.84,nan,nan,nan,0.583,0.5,35.2,11.7
54183,65.0,-366,64.84,nan,nan,nan,0.583,0.5,35.2,11.7
54184,65.0,-366,64.84,nan,nan,nan,0.583,0.5,35.2,11.7
54185,65.0,-365,64.84,nan,nan,nan,0.583,0.354,35.2,11.7
54186,65.0,-365,64.84,nan,nan,nan,0.583,nan,35.2,11.7
54187,65.0,-365,64.84,nan,nan,nan,0.583,nan,35.2,11.7
54188,65.0,-365,64.84,nan,nan,nan,0.583,nan,35.2,11.7
54189,65.0,-365,64.84,nan,nan,nan,0.584,nan,35.2,11.7
54190,65.0,-365,64.84,nan,nan,nan,0.591,nan,35.2,11.7
54191,65.0,-364,64.84,nan,nan,nan,0.591,nan,35.2,11.7
54192,65.0,-364,64.84,nan,nan,nan,0.6,nan,35.2,11.7
54193,65.0,-365,64.84,nan,nan,nan,0.598,nan,35.2,11.7
54194,64.35,-365,64.84,nan,nan,nan,0.591,0.707,35.2,11.7
54195,64.35,-378,64.84,nan,nan,nan,0.59,0.577,35.2,11.7
54196,60.75,-378,64.84,nan,nan,nan,0.583,0.577,35.2,12.85
54197,60.75,-377,64.84,nan,nan,nan,0.584,0.577,35.2,12.85
54198,60.75,-377,64.84,nan,nan,nan,0.591,0.577,35.2,12.85
54199,60.75,-377,64.84,nan,nan,nan,0.591,0.577,35.2,12.85
54200,60.75,-377,64.84,nan,nan,nan,0.591,0.577,35.2,12.85
54201,60.75,-377,64.84,nan,nan,nan,0.591,0.577,35.2,12.85
54202,60.75,-381,64.84,nan,nan,nan,0.59,0.577,35.2,12.85
54203,55.95,-380,64.84,nan,nan,nan,0.583,0.577,36.8,17.65
54204,55.95,-380,64.84,nan,nan,nan,0.583,0.577,36.8,17.65
54205,55.95,-380,64.84,nan,nan,nan,0.583,0.707,36.8,17.65
54206,55.95,-380,64.84,nan,nan,nan,0.583,0.707,36.8,17.65
54207,55.95,-380,64.84,nan,nan,nan,0.583,0.707,36.8,17.65
54208,55.95,-380,64.84,nan,nan,nan,0.583,0.707,36.8,17.65
54209,55.95,-380,64.84,nan,nan,nan,0.583,0.707,36.8,17.65
54210,55.95,-380,64.84,nan,nan,nan,0.584,0.707,36.8,17.65
54211,55.95,-380,64.84,nan,nan,nan,0.499,nan,36.8,17.65
54212,55.95,-379,64.84,nan,nan,nan,0.5,nan,36.8,17.65
54213,55.95,-379,64.84,nan,nan,nan,0.5,nan,36.8,17.65
54214,55.95,-379,64.84,nan,nan,nan,0.5,nan,36.8,17.65
54215,55.95,-378,64.84,nan,nan,nan,0.499,nan,36.8,17.65
54216,57.65,-378,64.84,nan,nan,nan,0.5,0.707,36.8,17.65
54217,57.65,-378,64.84,nan,nan,nan,0.5,0.707,36.8,17.65
54218,57.65,-378,64.84,nan,nan,nan,0.5,0.707,36.8,17.65
54219,57.65,-378,64.84,nan,nan,nan,0.499,0.707,36.8,17.65
54220,57.65,-377,64.84,nan,nan,nan,0.499,0.577,36.8,17.65
54221,60.8,-377,64.84,nan,nan,nan,0.5,0.577,36.8,17.65
54222,60.8,-377,64.84,nan,nan,nan,0.5,0.577,36.8,17.65
54223,60.8,-376,64.84,nan,nan,nan,0.499,0.548,36.8,17.65
54224,60.95,-376,64.84,nan,nan,nan,0.5,0.548,36.8,17.65
54225,60.95,-376,64.84,nan,nan,nan,0.5,0.577,36.8,17.65
54226,60.95,-375,64.84,nan,nan,nan,0.5,0.577,36.8,17.65
54227,60.95,-375,64.84,nan,nan,nan,0.5,0.577,36.8,17.65
54228,60.95,-374,64.84,nan,nan,nan,0.5,0.577,36.8,17.65
54229,60.95,-374,64.84,nan,nan,nan,0.5,0.577,36.8,17.65
54230,60.95,-374,64.84,nan,nan,nan,0.5,0.707,36.8,17.65
54231,60.95,-374,64.84,nan,nan,nan,0.5,0.707,36.8,17.65
54232,60.95,-374,64.84,nan,nan,nan,0.5,nan,36.8,17.65
54233,60.95,-374,64.84,nan,nan,nan,0.5,nan,36.8,17.65
54234,60.95,-374,64.84,nan,nan,nan,0.5,nan,36.8,17.65
54235,60.95,-374,64.84,nan,nan,nan,0.5,nan,36.8,17.65
54236,60.95,-374,64.84,nan,nan,nan,0.5,nan,36.8,17.65
54237,60.95,-373,64.84,nan,nan,nan,0.5,nan,36.8,17.65
54238,60.95,-372,64.84,nan,nan,nan,0.5,nan,36.8,17.65
54239,60.95,-372,64.84,nan,nan,nan,0.5,nan,36.8,17.65
54240,60.95,-371,64.84,nan,nan,nan,0.5,nan,36.8,17.65
54241,60.95,-370,64.84,nan,nan,nan,0.5,nan,36.8,17.65
54242,60.95,-369,64.84,nan,nan,nan,0.5,nan,36.8,17.65
54243,60.95,-368,64.84,nan,nan,nan,0.5,nan,36.8,17.65
54244,60.95,-368,64.84,nan,nan,nan,0.5,nan,36.8,17.65
54245,60.95,-368,64.84,nan,nan,nan,0.5,nan,36.8,17.65
54246,60.95,-368,64.84,nan,nan,nan,0.5,nan,36.8,17.65
54247,60.95,-367,64.84,nan,nan,nan,0.5,nan,36.8,17.65
54248,60.95,-367,64.84,nan,nan,nan,0.5,nan,36.8,17.65
54249,60.95,-385,64.84,nan,nan,nan,0.5,nan,36.8,17.65
54250,56.05,-385,64.84,nan,nan,nan,0.5,0.707,36.8,17.65
54251,56.05,-387,64.84,nan,nan,nan,0.5,0.577,36.8,17.65
54252,50.15,-387,64.84,nan,nan,nan,0.5,0.577,42.6,23.45
54253,50.15,-387,64.84,nan,nan,nan,0.5,0.577,42.6,23.45
54254,50.15,-387,64.84,nan,nan,nan,0.5,0.577,42.6,23.45
54255,50.15,-387,64.84,nan,nan,nan,0.5,0.577,42.6,19.0
54256,50.15,-387,64.84,nan,nan,nan,0.5,0.577,42.6,19.0
54257,50.15,-387,64.84,nan,nan,nan,0.5,0.577,42.6,19.0
54258,50.15,-386,64.84,nan,nan,nan,0.5,0.577,42.6,19.0
54259,52.95,-386,64.84,nan,nan,nan,0.5,0.577,42.6,19.0
54260,52.95,-386,64.84,nan,nan,nan,0.5,0.577,42.6,19.0
54261,52.95,-387,64.84,nan,nan,nan,0.5,0.577,42.6,19.0
54262,50.15,-387,64.84,nan,nan,nan,0.5,0.577,42.6,14.85
54263,50.15,-387,64.84,nan,nan,nan,0.5,0.577,42.6,14.85
54264,50.15,-386,64.84,nan,nan,nan,0.5,0.548,42.6,14.85
54265,51.65,-386,64.84,nan,nan,nan,0.5,0.548,42.6,14.85
54266,51.65,-385,64.84,nan,nan,nan,0.5,0.535,42.6,14.85
54267,54.0,-385,64.84,nan,nan,nan,0.5,0.535,42.6,14.85
54268,54.0,-384,64.84,nan,nan,nan,0.5,0.535,42.6,14.85
54269,57.3,-384,64.84,nan,nan,nan,0.5,0.535,42.6,14.85
54270,57.3,-384,64.84,nan,nan,nan,0.5,0.535,42.6,14.85
54271,57.3,-383,64.84,nan,nan,nan,0.5,0.535,42.6,14.85
54272,57.6,-382,64.84,nan,nan,nan,0.491,0.496,42.6,14.85
54273,57.75,-382,64.84,nan,nan,nan,0.492,0.496,42.6,14.85
54274,57.75,-381,64.84,nan,nan,nan,0.492,0.5,42.6,14.85
54275,57.75,-380,64.84,nan,nan,nan,0.492,0.5,42.6,14.85
54276,57.85,-380,64.84,nan,nan,nan,0.5,0.5,42.6,14.85
54277,57.85,-380,64.84,nan,nan,nan,0.5,0.492,42.6,14.85
54278,57.85,-380,64.84,nan,nan,nan,0.5,0.5,42.6,14.85
54279,57.85,-380,64.84,nan,nan,nan,0.5,0.5,42.6,14.85
54280,57.85,-379,64.84,nan,nan,nan,0.5,0.479,42.6,14.85
54281,57.85,-379,64.84,nan,nan,nan,0.5,0.577,42.6,14.85
54282,57.85,-378,64.84,nan,nan,nan,0.5,0.707,42.6,14.85
54283,57.85,-378,64.84,nan,nan,nan,0.5,0.707,42.6,14.85
54284,57.85,-377,64.84,nan,nan,nan,0.5,nan,42.6,14.85
54285,57.85,-377,64.84,nan,nan,nan,0.5,nan,42.6,14.85
54286,57.85,-377,64.84,nan,nan,nan,0.5,nan,42.6,14.85
54287,57.85,-377,64.84,nan,nan,nan,0.5,nan,42.6,14.85
54288,57.85,-380,64.84,nan,nan,nan,0.5,nan,42.6,14.85
54289,57.3,-380,64.84,nan,nan,nan,0.5,0.707,42.6,14.85
54290,57.3,-380,64.84,nan,nan,nan,0.5,0.707,42.6,14.85
54291,57.3,-380,64.84,nan,nan,nan,0.5,0.707,42.6,14.85
54292,57.3,-380,64.84,nan,nan,nan,0.5,0.707,42.6,14.85
54293,57.3,-380,64.84,nan,nan,nan,0.5,0.707,42.6,14.2
54294,57.3,-380,64.84,nan,nan,nan,0.5,0.707,42.6,14.2
54295,57.3,-380,64.84,nan,nan,nan,0.5,0.707,42.6,10.8
54296,57.3,-379,64.84,nan,nan,nan,0.5,0.707,42.6,10.8
54297,57.3,-378,64.84,nan,nan,nan,0.5,nan,42.6,10.8
54298,57.3,-378,64.84,nan,nan,nan,0.5,nan,42.6,10.8
54299,57.3,-378,64.84,nan,nan,nan,0.5,nan,42.6,10.8
54300,57.3,-378,64.84,nan,nan,nan,0.5,nan,42.6,10.8
54301,57.3,-377,64.84,nan,nan,nan,0.5,nan,42.6,10.8
54302,57.3,-377,64.84,nan,nan,nan,0.5,nan,42.6,10.8
54303,57.3,-376,64.84,nan,nan,nan,0.5,nan,42.6,10.8
54304,57.6,-376,64.84,nan,nan,nan,0.5,0.707,42.6,10.8
54305,57.6,-375,64.84,nan,nan,nan,0.5,0.707,42.6,10.8
54306,57.6,-374,64.84,nan,nan,nan,0.5,0.707,42.6,10.8
54307,57.6,-375,64.84,nan,nan,nan,0.5,0.577,42.6,10.8
54308,57.3,-375,64.84,nan,nan,nan,0.5,0.577,42.6,10.8
54309,57.3,-375,64.84,nan,nan,nan,0.5,0.577,42.6,10.8
54310,57.3,-375,64.84,nan,nan,nan,0.5,0.577,42.6,10.8
54311,57.3,-374,64.84,nan,nan,nan,0.5,0.548,42.6,10.8
54312,57.6,-373,64.84,nan,nan,nan,0.5,0.548,42.6,10.8
54313,57.6,-373,64.84,nan,nan,nan,0.5,0.577,42.6,10.8
54314,57.6,-372,64.84,nan,nan,nan,0.5,0.577,42.6,10.8
54315,57.6,-371,64.84,nan,nan,nan,0.5,0.548,42.6,10.8
54316,57.75,-371,64.84,nan,nan,nan,0.5,0.548,42.6,10.8
54317,57.75,-370,64.84,nan,nan,nan,0.5,0.577,42.6,10.8
54318,57.75,-370,64.84,nan,nan,nan,0.5,0.577,42.6,10.8
54319,57.75,-370,64.84,nan,nan,nan,0.5,0.577,42.6,10.8
54320,57.75,-370,64.84,nan,nan,nan,0.5,0.577,42.6,10.8
54321,57.75,-369,64.84,nan,nan,nan,0.5,0.707,42.6,10.8
54322,57.75,-368,64.84,nan,nan,nan,0.5,0.707,42.6,10.8
54323,57.75,-368,64.84,nan,nan,nan,0.5,0.707,42.6,10.8
54324,57.75,-368,64.84,nan,nan,nan,0.5,nan,42.6,10.8
54325,57.75,-368,64.84,nan,nan,nan,0.5,nan,42.6,10.8
54326,57.75,-368,64.84,nan,nan,nan,0.5,nan,42.6,10.8
54327,57.75,-368,64.84,nan,nan,nan,0.5,nan,42.6,10.8
54328,57.75,-368,64.84,nan,nan,nan,0.5,nan,42.6,10.8
54329,57.75,-368,64.84,nan,nan,nan,0.5,nan,42.6,10.8
54330,57.75,-368,64.84,nan,nan,nan,0.5,nan,42.6,10.8
54331,57.75,-367,64.84,nan,nan,nan,0.5,nan,42.6,10.8
54332,57.75,-366,64.84,nan,nan,nan,0.5,nan,42.6,10.8
54333,59.35,-366,64.84,nan,nan,nan,0.5,0.707,42.6,10.8
54334,59.35,-366,64.84,nan,nan,nan,0.5,0.707,42.6,10.8
54335,59.35,-366,64.84,nan,nan,nan,0.5,0.707,42.6,10.8
54336,59.35,-365,64.84,nan,nan,nan,0.5,0.707,42.6,10.8
54337,59.35,-365,64.84,nan,nan,nan,0.5,0.707,42.6,10.8
54338,59.35,-369,64.84,nan,nan,nan,0.5,0.577,42.6,10.8
54339,53.25,-369,64.84,nan,nan,nan,0.5,0.577,42.6,10.8
54340,53.25,-369,64.84,nan,nan,nan,0.5,0.577,42.6,10.8
54341,53.25,-368,64.84,nan,nan,nan,0.5,0.577,42.6,10.8
54342,56.15,-368,64.84,nan,nan,nan,0.5,0.577,42.6,10.8
54343,56.15,-368,64.84,nan,nan,nan,0.5,0.577,42.6,10.8
54344,56.15,-368,64.84,nan,nan,nan,0.5,0.577,42.6,10.8
54345,56.15,-371,64.84,nan,nan,nan,0.5,0.548,42.6,10.8
54346,51.7,-371,64.84,nan,nan,nan,0.5,0.548,42.6,10.8
54347,51.7,-371,64.84,nan,nan,nan,0.5,0.548,42.6,10.8
54348,51.7,-370,64.84,nan,nan,nan,0.5,0.577,42.6,10.8
54349,51.7,-369,64.84,nan,nan,nan,0.5,0.548,42.6,9.2
54350,52.5,-369,64.84,nan,nan,nan,0.5,0.548,42.6,9.2
54351,52.5,-369,64.84,nan,nan,nan,0.5,0.577,42.6,9.2
54352,52.5,-369,64.84,nan,nan,nan,0.5,0.577,42.6,9.2
54353,52.5,-368,64.84,nan,nan,nan,0.5,0.548,42.6,9.2
54354,54.05,-368,64.84,nan,nan,nan,0.5,0.548,42.6,9.2
54355,54.05,-368,64.84,nan,nan,nan,0.5,0.577,42.6,9.2
54356,54.05,-367,64.84,nan,nan,nan,0.5,0.548,42.6,9.2
54357,56.4,-366,64.84,nan,nan,nan,0.524,0.637,42.6,9.2
54358,60.15,-370,64.84,nan,nan,nan,0.617,1.113,42.6,10.0
54359,54.4,-370,64.84,nan,nan,nan,0.614,1.113,42.6,10.0
54360,54.4,-370,64.84,nan,nan,nan,0.616,1.113,42.6,10.0
54361,54.4,-370,64.84,nan,nan,nan,0.619,1.113,42.6,10.0
54362,54.4,-370,64.84,nan,nan,nan,0.619,1.191,42.6,10.0
54363,54.4,-369,64.84,nan,nan,nan,0.622,1.368,42.6,10.0
54364,54.4,-368,64.84,nan,nan,nan,0.623,1.23,42.6,8.5
54365,55.75,-368,64.84,nan,nan,nan,0.622,1.191,42.6,8.5
54366,55.75,-368,64.84,nan,nan,nan,0.626,1.046,42.6,8.45
54367,55.75,-367,64.84,nan,nan,nan,0.628,0.577,42.6,8.45
54368,55.75,-366,64.84,nan,nan,nan,0.63,0.577,42.6,8.45
54369,57.75,-366,64.84,nan,nan,nan,0.626,0.577,42.6,8.45
54370,57.75,-365,64.84,nan,nan,nan,0.626,0.548,42.6,8.45
54371,60.85,-364,64.84,nan,nan,nan,0.63,0.539,42.6,9.15
54372,61.0,-404,64.84,nan,nan,nan,5.58,12.423,42.6,9.3
54373,56.15,-404,64.84,nan,nan,nan,5.501,12.359,42.6,9.3
54374,56.15,-404,64.84,nan,nan,nan,5.575,13.376,42.6,9.3
54375,56.15,-403,64.84,nan,nan,nan,5.659,13.376,42.6,9.3
54376,56.15,-403,64.84,nan,nan,nan,5.659,13.376,42.6,9.3
54377,56.15,-402,64.84,nan,nan,nan,5.659,14.583,42.6,9.3
54378,56.15,-402,64.84,nan,nan,nan,5.659,16.348,42.6,9.3
54379,56.15,-401,64.84,nan,nan,nan,5.659,18.682,42.6,9.3
54380,56.15,-401,64.84,nan,nan,nan,5.659,22.863,42.6,9.3
54381,56.15,-400,64.84,nan,nan,nan,5.58,0.707,42.6,9.3
54382,57.0,-399,64.84,nan,nan,nan,5.501,0.707,42.6,9.3
54383,57.0,-399,64.84,nan,nan,nan,5.501,0.707,42.6,9.3
54384,57.0,-399,64.84,nan,nan,nan,5.501,0.707,42.6,9.3
54385,57.0,-398,64.84,nan,nan,nan,5.429,0.577,42.6,9.3
54386,57.45,-398,64.84,nan,nan,nan,5.356,0.577,42.6,9.3
54387,57.45,-398,64.84,nan,nan,nan,5.424,0.577,42.6,9.3
54388,57.45,-398,64.84,nan,nan,nan,5.501,0.577,42.6,9.3
54389,57.45,-398,64.84,nan,nan,nan,5.501,0.577,42.6,9.3
54390,57.45,-397,64.84,nan,nan,nan,5.501,0.577,42.6,9.3
54391,57.45,-397,64.84,nan,nan,nan,5.501,0.707,42.6,9.3
54392,57.45,-396,64.84,nan,nan,nan,5.501,0.707,42.6,9.3
54393,57.45,-396,64.84,nan,nan,nan,5.501,0.707,42.6,9.3
54394,57.45,-396,64.84,nan,nan,nan,5.501,nan,42.6,9.3
54395,57.45,-396,64.84,nan,nan,nan,5.501,nan,42.6,9.3
54396,57.45,-396,64.84,nan,nan,nan,5.501,nan,42.6,9.3
54397,57.45,-396,64.84,nan,nan,nan,5.501,nan,42.6,9.3
54398,57.45,-395,64.84,nan,nan,nan,5.501,nan,42.6,9.3
54399,57.45,-395,64.84,nan,nan,nan,5.501,nan,42.6,9.3
54400,57.45,-395,64.84,nan,nan,nan,5.501,nan,42.6,9.3
54401,57.45,-395,64.84,nan,nan,nan,5.501,nan,42.6,9.3
54402,57.45,-395,64.84,nan,nan,nan,5.575,nan,42.6,9.3
54403,57.45,-395,64.84,nan,nan,nan,5.659,nan,42.6,9.3
54404,57.45,-395,64.84,nan,nan,nan,5.659,nan,42.6,9.3
54405,57.45,-395,64.84,nan,nan,nan,5.659,nan,42.6,9.3
54406,57.45,-394,64.84,nan,nan,nan,5.74,nan,42.6,9.3
54407,57.45,-393,64.84,nan,nan,nan,5.831,nan,42.6,9.3
54408,57.45,-392,64.84,nan,nan,nan,5.746,nan,42.6,9.3
54409,57.7,-396,64.84,nan,nan,nan,6.013,9.475,42.6,9.3
54410,54.6,-396,64.84,nan,nan,nan,6.006,7.465,42.6,9.3
54411,54.6,-395,64.84,nan,nan,nan,6.013,6.55,42.6,9.3
54412,56.15,-395,64.84,nan,nan,nan,5.926,5.791,42.6,9.3
54413,56.15,-394,64.84,nan,nan,nan,5.849,5.33,42.6,9.3
54414,57.0,-394,64.84,nan,nan,nan,5.843,4.901,42.6,9.3
54415,57.0,-394,64.84,nan,nan,nan,5.926,4.901,42.6,9.3
54416,57.0,-394,64.84,nan,nan,nan,5.926,4.901,42.6,9.3
54417,57.0,-394,64.84,nan,nan,nan,5.926,5.248,42.6,9.3
54418,57.0,-394,64.84,nan,nan,nan,5.926,0.548,42.6,9.3
54419,57.0,-393,64.84,nan,nan,nan,5.926,0.577,42.6,9.3
54420,57.0,-393,64.84,nan,nan,nan,5.926,0.577,42.6,9.3
54421,57.0,-393,64.84,nan,nan,nan,5.926,0.707,42.6,9.3
54422,57.0,-393,64.84,nan,nan,nan,5.926,nan,42.6,9.3
54423,57.0,-393,64.84,nan,nan,nan,5.926,nan,42.6,9.3
54424,57.0,-393,64.84,nan,nan,nan,5.926,nan,42.6,9.3
54425,57.0,-393,64.84,nan,nan,nan,5.926,nan,42.6,9.3
54426,57.0,-393,64.84,nan,nan,nan,5.926,nan,42.6,9.3
54427,57.0,-392,64.84,nan,nan,nan,5.926,nan,42.6,9.3
54428,57.0,-392,64.84,nan,nan,nan,5.926,nan,42.6,9.3
54429,57.0,-392,64.84,nan,nan,nan,5.926,nan,42.6,9.3
54430,57.0,-392,64.84,nan,nan,nan,5.926,nan,42.6,9.3
54431,57.0,-391,64.84,nan,nan,nan,6.006,nan,42.6,9.3
54432,57.0,-391,64.84,nan,nan,nan,6.097,nan,42.6,9.3
54433,57.0,-391,64.84,nan,nan,nan,6.097,nan,42.6,9.3
54434,57.0,-391,64.84,nan,nan,nan,6.097,nan,42.6,9.3
54435,57.0,-390,64.84,nan,nan,nan,6.097,nan,42.6,9.3
54436,57.0,-390,64.84,nan,nan,nan,6.097,nan,42.6,9.3
54437,57.0,-390,64.84,nan,nan,nan,6.185,nan,42.6,9.3
54438,57.0,-390,64.84,nan,nan,nan,6.284,nan,42.6,9.3
54439,57.0,-390,64.84,nan,nan,nan,6.284,nan,42.6,9.3
54440,57.0,-390,64.84,nan,nan,nan,6.381,nan,42.6,9.3
54441,57.0,-389,64.84,nan,nan,nan,6.49,nan,42.6,9.3
54442,57.0,-388,64.84,nan,nan,nan,6.49,nan,42.6,9.3
54443,57.0,-388,64.84,nan,nan,nan,6.49,nan,42.6,9.3
54444,57.0,-388,64.84,nan,nan,nan,6.596,nan,42.6,9.3
54445,57.0,-388,64.84,nan,nan,nan,6.717,nan,42.6,9.3
54446,57.0,-388,64.84,nan,nan,nan,6.717,nan,42.6,9.3
54447,57.0,-388,64.84,nan,nan,nan,6.717,nan,42.6,9.3
54448,57.0,-388,64.84,nan,nan,nan,6.835,nan,42.6,9.3
54449,57.0,-388,64.84,nan,nan,nan,6.971,nan,42.6,8.5
54450,57.0,-388,64.84,nan,nan,nan,6.971,nan,42.6,8.5
54451,57.0,-388,64.84,nan,nan,nan,6.971,nan,42.6,8.5
54452,57.0,-388,64.84,nan,nan,nan,7.102,nan,42.6,8.5
54453,57.0,-422,64.84,nan,nan,nan,7.114,nan,42.6,6.95
54454,52.9,-421,64.84,nan,nan,nan,6.971,0.707,42.6,8.1
54455,52.9,-420,64.84,nan,nan,nan,7.102,0.707,42.6,8.1
54456,52.9,-419,64.84,nan,nan,nan,7.092,0.577,42.6,8.1
54457,53.5,-419,64.84,nan,nan,nan,7.099,0.577,42.6,8.1
54458,53.5,-419,64.84,nan,nan,nan,7.252,0.577,42.6,8.1
54459,53.5,-418,64.84,nan,nan,nan,7.252,0.577,42.6,8.1
54460,53.5,-417,64.84,nan,nan,nan,7.252,0.577,42.6,8.1
54461,53.5,-417,64.84,nan,nan,nan,7.252,0.577,42.6,8.1
54462,53.5,-417,64.84,nan,nan,nan,7.252,0.577,42.6,8.1
54463,53.5,-416,64.84,nan,nan,nan,7.252,0.577,42.6,8.1
54464,53.8,-417,64.84,nan,nan,nan,7.245,0.957,42.6,8.1
54465,53.5,-417,64.84,nan,nan,nan,7.093,0.816,42.6,8.1
54466,53.5,-417,64.84,nan,nan,nan,7.093,1.0,42.6,8.1
54467,53.5,-417,64.84,nan,nan,nan,7.232,1.0,42.6,8.1
54468,53.5,-417,64.84,nan,nan,nan,7.394,1.0,42.6,8.1
54469,53.5,-417,64.84,nan,nan,nan,7.552,1.0,42.6,8.1
54470,53.5,-417,64.84,nan,nan,nan,7.736,1.0,42.6,8.1
54471,53.5,-417,64.84,nan,nan,nan,2.993,1.0,42.6,8.1
54472,53.5,-417,64.84,nan,nan,nan,3.079,0.707,42.6,4.8
54473,53.5,-417,64.84,nan,nan,nan,3.079,nan,42.6,4.8
54474,53.5,-417,64.84,nan,nan,nan,3.079,nan,42.6,4.8
54475,53.5,-417,64.84,nan,nan,nan,3.079,nan,42.6,4.8
54476,53.5,-417,64.84,nan,nan,nan,3.079,nan,42.6,4.8
54477,53.5,-416,64.84,nan,nan,nan,3.007,nan,42.6,4.8
54478,53.8,-416,64.84,nan,nan,nan,2.927,0.707,42.6,4.8
54479,53.8,-416,64.84,nan,nan,nan,2.927,0.707,42.6,4.8
54480,53.8,-416,64.84,nan,nan,nan,2.993,0.707,42.6,4.8
54481,53.8,-416,64.84,nan,nan,nan,3.079,0.707,42.6,4.8
54482,53.8,-416,64.84,nan,nan,nan,3.079,0.707,42.6,4.8
54483,53.8,-416,64.84,nan,nan,nan,3.079,0.707,42.6,4.8
54484,53.8,-415,64.84,nan,nan,nan,3.156,0.707,42.6,4.8
54485,53.8,-415,64.84,nan,nan,nan,3.258,0.707,42.6,4.8
54486,53.8,-415,64.84,nan,nan,nan,3.258,nan,42.6,4.8
54487,53.8,-415,64.84,nan,nan,nan,3.258,nan,42.6,4.8
54488,53.8,-415,64.84,nan,nan,nan,3.258,nan,42.6,4.8
54489,53.8,-415,64.84,nan,nan,nan,3.258,nan,42.6,4.8
54490,53.8,-415,64.84,nan,nan,nan,3.258,nan,42.6,4.8
54491,53.8,-415,64.84,nan,nan,nan,3.258,nan,42.6,4.8
54492,53.8,-415,64.84,nan,nan,nan,3.258,nan,42.6,4.8
54493,53.8,-414,64.84,nan,nan,nan,3.258,nan,42.6,4.8
54494,53.8,-414,64.84,nan,nan,nan,3.258,nan,42.6,4.8
54495,53.8,-414,64.84,nan,nan,nan,3.258,nan,42.6,4.8
54496,53.8,-414,64.84,nan,nan,nan,3.258,nan,42.6,4.8
54497,53.8,-413,64.84,nan,nan,nan,3.258,nan,42.6,4.8
54498,53.8,-413,64.84,nan,nan,nan,3.258,nan,42.6,4.8
54499,53.8,-413,64.84,nan,nan,nan,3.258,nan,42.6,4.8
54500,53.8,-413,64.84,nan,nan,nan,3.258,nan,42.6,4.8
54501,53.8,-413,64.84,nan,nan,nan,3.258,nan,42.6,4.8
54502,53.8,-413,64.84,nan,nan,nan,3.258,nan,42.6,4.8
54503,53.8,-413,64.84,nan,nan,nan,3.258,nan,42.6,4.8
54504,53.8,-413,64.84,nan,nan,nan,3.258,nan,42.6,4.8
54505,53.8,-413,64.84,nan,nan,nan,3.258,nan,42.6,4.8
54506,53.8,-412,64.84,nan,nan,nan,3.258,nan,42.6,4.8
54507,53.8,-412,64.84,nan,nan,nan,3.35,nan,42.6,4.8
54508,53.8,-411,64.84,nan,nan,nan,0.633,nan,42.6,4.8
54509,53.8,-411,64.84,nan,nan,nan,0.65,nan,42.6,4.1
54510,53.8,-410,64.84,nan,nan,nan,0.65,nan,42.6,4.1
54511,53.95,-410,64.84,nan,nan,nan,0.65,0.707,42.6,4.1
54512,53.95,-410,64.84,nan,nan,nan,0.651,0.707,42.6,4.1
54513,53.95,-409,64.84,nan,nan,nan,0.674,0.707,42.6,4.1
54514,53.95,-409,64.84,nan,nan,nan,0.674,0.707,42.6,4.1
54515,53.95,-408,64.84,nan,nan,nan,0.674,0.707,42.6,4.1
54516,53.95,-408,64.84,nan,nan,nan,0.674,0.707,42.6,4.1
54517,53.95,-408,64.84,nan,nan,nan,0.674,0.707,42.6,4.1
54518,53.95,-408,64.84,nan,nan,nan,0.674,0.707,42.6,4.1
54519,53.95,-407,64.84,nan,nan,nan,0.674,nan,42.6,4.1
54520,53.95,-407,64.84,nan,nan,nan,0.674,nan,42.6,4.1
54521,53.95,-407,64.84,nan,nan,nan,0.674,nan,42.6,4.1
54522,53.95,-407,64.84,nan,nan,nan,0.674,nan,42.6,4.1
54523,53.95,-406,64.84,nan,nan,nan,0.669,nan,42.6,4.1
54524,54.05,-406,64.84,nan,nan,nan,0.65,0.707,42.6,4.1
54525,54.05,-405,64.84,nan,nan,nan,0.65,0.707,42.6,4.1
54526,54.05,-405,64.84,nan,nan,nan,0.65,0.707,42.6,4.1
54527,54.05,-405,64.84,nan,nan,nan,0.65,0.707,42.6,4.1
54528,54.05,-405,64.84,nan,nan,nan,0.65,0.707,42.6,4.1
54529,54.05,-404,64.84,nan,nan,nan,0.65,0.707,42.6,4.1
54530,54.05,-404,64.84,nan,nan,nan,0.65,0.707,42.6,4.1
54531,54.05,-404,64.84,nan,nan,nan,0.65,0.707,42.6,4.1
54532,54.05,-404,64.84,nan,nan,nan,0.65,nan,42.6,4.1
54533,54.05,-405,64.84,nan,nan,nan,0.646,nan,42.6,4.1
54534,53.95,-404,64.84,nan,nan,nan,0.632,0.707,42.6,4.1
54535,53.95,-404,64.84,nan,nan,nan,0.632,0.707,42.6,4.1
54536,53.95,-404,64.84,nan,nan,nan,0.632,0.707,42.6,4.1
54537,53.95,-403,64.84,nan,nan,nan,0.632,0.707,42.6,4.1
54538,53.95,-402,64.84,nan,nan,nan,0.632,0.707,42.6,4.1
54539,53.95,-401,64.84,nan,nan,nan,0.632,0.707,42.6,4.1
54540,53.95,-400,64.84,nan,nan,nan,0.632,0.707,42.6,4.1
54541,53.95,-399,64.84,nan,nan,nan,0.629,0.577,42.6,4.1
54542,54.05,-399,64.84,nan,nan,nan,0.618,0.577,42.6,4.1
54543,54.05,-398,64.84,nan,nan,nan,0.618,0.707,42.6,4.1
54544,54.05,-398,64.84,nan,nan,nan,0.618,0.707,42.6,4.1
54545,54.05,-398,64.84,nan,nan,nan,0.618,0.707,42.6,4.1
54546,54.05,-397,64.84,nan,nan,nan,0.618,0.707,42.6,4.1
54547,54.05,-397,64.84,nan,nan,nan,0.618,0.707,42.6,4.1
54548,54.05,-397,64.84,nan,nan,nan,0.618,0.707,42.6,4.1
54549,54.05,-397,64.84,nan,nan,nan,0.618,0.707,42.6,4.1
54550,54.05,-397,64.84,nan,nan,nan,0.618,nan,42.6,4.1
54551,54.05,-397,64.84,nan,nan,nan,0.618,nan,42.6,4.1
54552,54.05,-396,64.84,nan,nan,nan,0.619,nan,42.6,4.1
54553,54.05,-396,64.84,nan,nan,nan,0.632,nan,42.6,1.15
54554,54.05,-395,64.84,nan,nan,nan,0.632,nan,42.6,1.15
54555,54.05,-395,64.84,nan,nan,nan,0.633,nan,42.6,1.15
54556,54.05,-395,64.84,nan,nan,nan,0.65,nan,42.6,0.55
54557,54.05,-395,64.84,nan,nan,nan,0.65,nan,42.6,0.55
54558,54.05,-395,64.84,nan,nan,nan,0.65,nan,42.6,0.55
54559,54.05,-395,64.84,nan,nan,nan,0.65,nan,42.6,0.55
54560,54.05,-394,64.84,nan,nan,nan,0.65,nan,42.6,0.55
54561,54.05,-393,64.84,nan,nan,nan,0.65,nan,42.6,0.55
54562,54.05,-393,64.84,nan,nan,nan,0.651,nan,42.6,0.55
54563,54.05,-393,64.84,nan,nan,nan,0.522,nan,42.6,0.55
54564,54.05,-393,64.84,nan,nan,nan,0.527,nan,42.6,0.55
54565,54.05,-393,64.84,nan,nan,nan,0.527,nan,42.6,0.55
54566,54.05,-392,64.84,nan,nan,nan,0.527,nan,42.6,0.55
54567,54.05,-392,64.84,nan,nan,nan,0.527,nan,42.6,0.55
54568,54.05,-392,64.84,nan,nan,nan,0.527,nan,42.6,0.55
54569,54.05,-392,64.84,nan,nan,nan,0.527,nan,42.6,0.55
54570,54.05,-392,64.84,nan,nan,nan,0.527,nan,42.6,0.55
54571,54.05,-392,64.84,nan,nan,nan,0.527,nan,42.6,0.55
54572,54.05,-392,64.84,nan,nan,nan,0.527,nan,42.6,0.55
54573,54.05,-392,64.84,nan,nan,nan,0.527,nan,42.6,0.55
54574,54.05,-391,64.84,nan,nan,nan,0.527,nan,42.6,0.55
54575,54.05,-391,64.84,nan,nan,nan,0.527,nan,42.6,0.55
54576,54.05,-391,64.84,nan,nan,nan,0.527,nan,42.6,0.55
54577,54.05,-391,64.84,nan,nan,nan,0.535,nan,42.6,0.25
54578,54.05,-391,64.84,nan,nan,nan,0.535,nan,42.6,0.25
54579,54.05,-391,64.84,nan,nan,nan,0.535,nan,42.6,0.25
54580,54.05,-391,64.84,nan,nan,nan,0.535,nan,42.6,0.25
54581,54.05,-391,64.84,nan,nan,nan,0.535,nan,42.6,0.25
54582,54.05,-391,64.84,nan,nan,nan,0.535,nan,42.6,0.25
54583,54.05,-390,64.84,nan,nan,nan,0.535,nan,42.6,0.25
54584,54.05,-389,64.84,nan,nan,nan,0.535,nan,42.6,0.25
54585,54.05,-389,64.84,nan,nan,nan,0.535,nan,42.6,0.25
54586,54.05,-388,64.84,nan,nan,nan,0.535,nan,42.6,0.25
54587,54.05,-388,64.84,nan,nan,nan,0.535,nan,42.6,0.25
54588,54.05,-387,64.84,nan,nan,nan,0.535,nan,42.6,0.25
54589,54.05,-387,64.84,nan,nan,nan,0.535,nan,42.6,0.25
54590,54.05,-386,64.84,nan,nan,nan,0.535,nan,42.6,0.25
54591,54.05,-385,64.84,nan,nan,nan,0.535,nan,42.6,0.25
54592,54.05,-385,64.84,nan,nan,nan,0.535,nan,42.6,0.25
54593,54.05,-385,64.84,nan,nan,nan,0.535,nan,42.6,0.25
54594,54.05,-394,64.84,nan,nan,nan,0.527,nan,42.6,0.25
54595,50.7,-394,64.84,nan,nan,nan,0.527,0.707,42.6,3.35
54596,50.7,-393,64.84,nan,nan,nan,0.527,0.707,42.6,3.35
54597,50.7,-392,64.84,nan,nan,nan,0.522,0.577,42.6,3.35
54598,51.0,-392,64.84,nan,nan,nan,0.522,0.577,42.6,3.35
54599,51.0,-392,64.84,nan,nan,nan,0.522,0.577,42.6,3.35
54600,51.0,-392,64.84,nan,nan,nan,0.522,0.577,42.6,3.35
54601,51.0,-392,64.84,nan,nan,nan,0.522,0.577,42.6,3.35
54602,51.0,-391,64.84,nan,nan,nan,0.519,0.548,42.6,3.35
54603,51.15,-391,64.84,nan,nan,nan,0.519,0.548,42.6,3.35
54604,51.15,-390,64.84,nan,nan,nan,0.516,0.548,42.6,3.35
54605,52.55,-389,64.84,nan,nan,nan,0.54,0.579,42.6,3.35
54606,54.45,-388,64.84,nan,nan,nan,0.581,0.686,42.6,3.75
54607,57.55,-387,64.84,nan,nan,nan,0.584,0.686,42.6,6.85
54608,57.55,-387,64.84,nan,nan,nan,0.584,0.686,42.6,6.85
54609,57.55,-386,64.84,nan,nan,nan,0.593,0.686,42.6,6.85
54610,57.55,-386,64.84,nan,nan,nan,0.593,0.686,42.6,6.85
54611,57.55,-385,64.84,nan,nan,nan,0.593,0.762,42.6,6.85
54612,57.55,-385,64.84,nan,nan,nan,0.593,0.713,42.6,6.85
54613,57.55,-385,64.84,nan,nan,nan,0.593,0.874,42.6,6.85
54614,57.55,-385,64.84,nan,nan,nan,0.593,1.154,42.6,6.85
54615,57.55,-385,64.84,nan,nan,nan,0.593,nan,42.6,6.85
54616,57.55,-384,64.84,nan,nan,nan,0.593,nan,42.6,6.85
54617,57.55,-384,64.84,nan,nan,nan,0.593,nan,42.6,6.85
54618,57.55,-383,64.84,nan,nan,nan,0.593,nan,42.6,6.85
54619,57.55,-395,64.84,nan,nan,nan,0.581,nan,42.6,6.85
54620,52.85,-395,64.84,nan,nan,nan,0.584,0.707,42.6,6.85
54621,52.85,-394,64.84,nan,nan,nan,0.584,0.707,42.6,6.85
54622,52.85,-394,64.84,nan,nan,nan,0.593,0.707,42.6,6.85
54623,52.85,-394,64.84,nan,nan,nan,0.593,0.707,42.6,6.85
54624,52.85,-393,64.84,nan,nan,nan,0.581,0.577,42.6,6.85
54625,53.8,-393,64.84,nan,nan,nan,0.584,0.577,42.6,6.85
54626,53.8,-393,64.84,nan,nan,nan,0.584,0.577,42.6,6.85
54627,53.8,-393,64.84,nan,nan,nan,0.584,0.577,42.6,6.85
54628,53.8,-393,64.84,nan,nan,nan,0.584,0.577,42.6,6.85
54629,53.8,-393,64.84,nan,nan,nan,0.584,0.707,42.6,6.85
54630,53.8,-392,64.84,nan,nan,nan,0.574,0.577,42.6,6.85
54631,54.25,-392,64.84,nan,nan,nan,0.577,0.577,42.6,6.85
54632,54.25,-392,64.84,nan,nan,nan,0.584,0.577,42.6,6.85
54633,54.25,-392,64.84,nan,nan,nan,0.584,0.577,42.6,6.85
54634,54.25,-392,64.84,nan,nan,nan,0.584,0.707,42.6,6.85
54635,54.25,-391,64.84,nan,nan,nan,0.584,0.707,42.6,6.85
54636,54.25,-390,64.84,nan,nan,nan,0.584,0.707,42.6,6.85
54637,54.25,-390,64.84,nan,nan,nan,0.584,0.707,42.6,6.85
54638,54.25,-389,64.84,nan,nan,nan,0.584,0.707,42.6,6.85
54639,54.25,-389,64.84,nan,nan,nan,0.584,nan,42.6,6.85
54640,54.25,-389,64.84,nan,nan,nan,0.593,nan,42.6,6.85
54641,54.25,-389,64.84,nan,nan,nan,0.593,nan,42.6,6.85
54642,54.25,-388,64.84,nan,nan,nan,0.593,nan,42.6,6.85
54643,54.25,-388,64.84,nan,nan,nan,0.593,nan,42.6,6.85
54644,54.25,-388,64.84,nan,nan,nan,0.593,nan,42.6,6.85
54645,54.25,-388,64.84,nan,nan,nan,0.593,nan,42.6,6.85
54646,54.25,-388,64.84,nan,nan,nan,0.593,nan,42.6,6.85
54647,54.25,-388,64.84,nan,nan,nan,0.593,nan,42.6,6.85
54648,54.25,-387,64.84,nan,nan,nan,0.593,nan,42.6,6.85
54649,54.25,-387,64.84,nan,nan,nan,0.593,nan,42.6,6.85
54650,54.25,-387,64.84,nan,nan,nan,0.593,nan,42.6,6.85
54651,54.25,-386,64.84,nan,nan,nan,0.593,nan,42.6,6.85
54652,54.25,-386,64.84,nan,nan,nan,0.593,nan,42.6,6.85
54653,54.25,-386,64.84,nan,nan,nan,0.593,nan,42.6,6.85
54654,54.25,-386,64.84,nan,nan,nan,0.593,nan,42.6,6.85
54655,54.25,-386,64.84,nan,nan,nan,0.593,nan,42.6,6.85
54656,54.25,-386,64.84,nan,nan,nan,0.593,nan,42.6,6.85
54657,54.25,-386,64.84,nan,nan,nan,0.593,nan,42.6,6.85
54658,54.25,-385,64.84,nan,nan,nan,0.593,nan,42.6,6.85
54659,54.25,-385,64.84,nan,nan,nan,0.593,nan,42.6,6.85
54660,54.25,-385,64.84,nan,nan,nan,0.593,nan,42.6,6.85
54661,54.25,-385,64.84,nan,nan,nan,0.593,nan,42.6,6.85
54662,54.25,-385,64.84,nan,nan,nan,0.593,nan,42.6,6.85
54663,54.25,-384,64.84,nan,nan,nan,0.581,nan,42.6,6.85
54664,54.45,-384,64.84,nan,nan,nan,0.584,0.707,42.6,6.85
54665,54.45,-383,64.84,nan,nan,nan,0.574,0.577,42.6,6.85
54666,54.6,-382,64.84,nan,nan,nan,0.577,0.577,42.6,6.85
54667,54.6,-382,64.84,nan,nan,nan,0.577,0.577,42.6,6.85
54668,54.6,-382,64.84,nan,nan,nan,0.577,0.577,42.6,6.85
54669,54.6,-382,64.84,nan,nan,nan,0.577,0.577,42.6,6.85
54670,54.6,-381,64.84,nan,nan,nan,0.569,0.548,42.6,6.85
54671,54.65,-381,64.84,nan,nan,nan,0.571,0.548,42.6,6.85
54672,54.65,-381,64.84,nan,nan,nan,0.571,0.548,42.6,6.85
54673,54.65,-381,64.84,nan,nan,nan,0.571,0.577,42.6,6.85
54674,54.65,-381,64.84,nan,nan,nan,0.571,0.577,42.6,6.85
54675,54.65,-380,64.84,nan,nan,nan,0.571,0.707,42.6,6.85
54676,54.65,-380,64.84,nan,nan,nan,0.571,0.707,42.6,6.85
54677,54.65,-380,64.84,nan,nan,nan,0.571,0.707,42.6,6.85
54678,54.65,-379,64.84,nan,nan,nan,0.564,0.577,42.6,6.85
54679,56.25,-379,64.84,nan,nan,nan,0.565,0.577,42.6,6.85
54680,56.25,-378,64.84,nan,nan,nan,0.565,0.707,42.6,6.85
54681,56.25,-378,64.84,nan,nan,nan,0.565,0.707,42.6,6.85
54682,56.25,-378,64.84,nan,nan,nan,0.565,0.707,42.6,6.85
54683,56.25,-378,64.84,nan,nan,nan,0.565,0.707,42.6,6.85
54684,56.25,-378,64.84,nan,nan,nan,0.565,0.707,42.6,6.85
54685,56.25,-379,64.84,nan,nan,nan,0.56,0.577,42.6,6.85
54686,56.2,-379,64.84,nan,nan,nan,0.561,0.577,42.6,6.85
54687,56.2,-379,64.84,nan,nan,nan,0.561,0.577,42.6,6.85
54688,56.2,-379,64.84,nan,nan,nan,0.561,0.707,42.6,6.85
54689,56.2,-379,64.84,nan,nan,nan,0.561,0.707,42.6,6.85
54690,56.2,-379,64.84,nan,nan,nan,0.561,0.707,42.6,6.85
54691,56.2,-379,64.84,nan,nan,nan,0.561,0.707,42.6,6.85
54692,56.2,-379,64.84,nan,nan,nan,0.561,0.707,42.6,6.85
54693,56.2,-378,64.84,nan,nan,nan,0.566,0.707,42.6,6.85
54694,56.2,-378,64.84,nan,nan,nan,0.565,nan,42.6,6.85
54695,56.2,-378,64.84,nan,nan,nan,0.565,nan,42.6,6.85
54696,56.2,-377,64.84,nan,nan,nan,0.571,nan,42.6,6.85
54697,56.2,-377,64.84,nan,nan,nan,0.571,nan,42.6,6.55
54698,56.2,-377,64.84,nan,nan,nan,0.571,nan,42.6,6.55
54699,56.2,-378,64.84,nan,nan,nan,0.564,nan,42.6,6.55
54700,56.05,-378,64.84,nan,nan,nan,0.565,0.707,42.6,6.55
54701,56.05,-378,64.84,nan,nan,nan,0.571,0.707,42.6,6.55
54702,56.05,-378,64.84,nan,nan,nan,0.571,0.707,42.6,6.4
54703,56.05,-378,64.84,nan,nan,nan,0.577,0.707,42.6,6.4
54704,56.05,-378,64.84,nan,nan,nan,0.562,0.707,42.6,5.0
54705,56.05,-378,64.84,nan,nan,nan,0.513,0.707,42.6,4.7
54706,56.05,-377,64.84,nan,nan,nan,0.514,0.707,42.6,4.7
54707,56.05,-377,64.84,nan,nan,nan,0.514,0.707,42.6,4.7
54708,56.05,-377,64.84,nan,nan,nan,0.514,nan,42.6,4.7
54709,56.05,-377,64.84,nan,nan,nan,0.514,nan,42.6,4.7
54710,56.05,-377,64.84,nan,nan,nan,0.514,nan,42.6,4.7
54711,56.05,-377,64.84,nan,nan,nan,0.514,nan,42.6,4.7
54712,56.05,-377,64.84,nan,nan,nan,0.514,nan,42.6,4.7
54713,56.05,-377,64.84,nan,nan,nan,0.514,nan,42.6,4.7
54714,56.05,-377,64.84,nan,nan,nan,0.514,nan,42.6,4.7
54715,56.05,-376,64.84,nan,nan,nan,0.514,nan,42.6,4.7
54716,56.05,-375,64.84,nan,nan,nan,0.513,nan,42.6,4.7
54717,56.95,-375,64.84,nan,nan,nan,0.513,0.707,42.6,4.7
54718,56.95,-375,64.84,nan,nan,nan,0.513,0.707,42.6,4.7
54719,56.95,-375,64.84,nan,nan,nan,0.514,0.707,42.6,4.1
54720,56.95,-374,64.84,nan,nan,nan,0.514,0.707,42.6,4.1
54721,56.95,-373,64.84,nan,nan,nan,0.513,0.577,42.6,4.1
54722,57.45,-376,64.84,nan,nan,nan,1.564,3.416,42.6,4.6
54723,54.4,-376,64.84,nan,nan,nan,1.552,2.994,42.6,4.6
54724,54.4,-375,64.84,nan,nan,nan,1.564,2.779,42.6,3.65
54725,56.05,-375,64.84,nan,nan,nan,1.525,2.698,42.6,3.65
54726,56.05,-374,64.84,nan,nan,nan,1.525,2.994,42.6,3.65
54727,56.05,-373,64.84,nan,nan,nan,1.498,2.779,42.6,3.65
54728,56.95,-372,64.84,nan,nan,nan,1.465,2.569,42.6,3.65
54729,57.45,-372,64.84,nan,nan,nan,1.456,2.382,42.6,3.65
54730,57.45,-372,64.84,nan,nan,nan,1.49,2.507,42.6,3.2
54731,57.45,-372,64.84,nan,nan,nan,1.49,0.494,42.6,3.2
54732,57.45,-372,64.84,nan,nan,nan,1.49,0.501,42.6,3.2
54733,57.45,-372,64.84,nan,nan,nan,1.49,0.484,42.6,3.2
54734,57.45,-371,64.84,nan,nan,nan,1.49,0.501,42.6,3.2
54735,57.45,-371,64.84,nan,nan,nan,1.49,0.501,42.6,3.2
54736,57.45,-370,64.84,nan,nan,nan,1.465,0.501,42.6,3.2
54737,57.7,-370,64.84,nan,nan,nan,1.434,0.577,42.6,3.45
54738,57.7,-369,64.84,nan,nan,nan,1.412,0.577,42.6,3.45
54739,57.8,-369,64.84,nan,nan,nan,1.384,0.577,42.6,3.55
54740,57.8,-369,64.84,nan,nan,nan,1.384,0.577,42.6,3.55
54741,57.8,-369,64.84,nan,nan,nan,1.384,0.577,42.6,3.55
54742,57.8,-369,64.84,nan,nan,nan,1.384,0.577,42.6,3.55
54743,57.8,-369,64.84,nan,nan,nan,1.384,0.577,42.6,3.55
54744,57.8,-368,64.84,nan,nan,nan,1.384,0.577,42.6,3.55
54745,57.8,-368,64.84,nan,nan,nan,1.384,0.577,42.6,3.55
54746,57.8,-367,64.84,nan,nan,nan,1.384,0.707,42.6,3.55
54747,57.8,-367,64.84,nan,nan,nan,1.384,nan,42.6,3.55
54748,57.8,-366,64.84,nan,nan,nan,1.365,nan,42.6,3.55
54749,57.85,-366,64.84,nan,nan,nan,1.341,0.707,42.6,3.6
54750,57.85,-366,64.84,nan,nan,nan,1.341,0.707,42.6,3.6
54751,57.85,-366,64.84,nan,nan,nan,1.341,0.707,42.6,3.6
54752,57.85,-366,64.84,nan,nan,nan,1.341,0.707,42.6,3.6
54753,57.85,-365,64.84,nan,nan,nan,1.341,0.707,42.6,3.6
54754,57.85,-365,64.84,nan,nan,nan,1.341,0.707,42.6,3.6
54755,57.85,-365,64.84,nan,nan,nan,1.341,0.707,42.6,3.6
54756,57.85,-365,64.84,nan,nan,nan,1.341,0.707,42.6,3.6
54757,57.85,-365,64.84,nan,nan,nan,1.341,nan,42.6,3.6
54758,57.85,-365,64.84,nan,nan,nan,1.341,nan,42.6,3.6
54759,57.85,-365,64.84,nan,nan,nan,1.341,nan,42.6,3.6
54760,57.85,-364,64.84,nan,nan,nan,1.341,nan,42.6,3.6
54761,57.85,-366,64.84,nan,nan,nan,1.324,nan,42.6,3.6
54762,57.7,-366,64.84,nan,nan,nan,1.317,0.707,42.6,3.6
54763,57.7,-366,64.84,nan,nan,nan,1.341,0.707,42.6,3.45
54764,57.7,-366,64.84,nan,nan,nan,1.358,0.707,42.6,3.45
54765,57.7,-366,64.84,nan,nan,nan,1.384,0.707,42.6,3.45
54766,57.7,-367,64.84,nan,nan,nan,1.365,0.577,42.6,3.45
54767,57.45,-366,64.84,nan,nan,nan,1.341,0.577,42.6,3.45
54768,57.45,-366,64.84,nan,nan,nan,1.341,0.577,42.6,3.45
54769,57.45,-366,64.84,nan,nan,nan,1.358,0.577,42.6,3.45
54770,57.45,-365,64.84,nan,nan,nan,1.365,0.577,42.6,3.45
54771,57.7,-365,64.84,nan,nan,nan,1.341,0.577,42.6,3.45
54772,57.7,-365,64.84,nan,nan,nan,1.341,0.577,42.6,3.45
54773,57.7,-364,64.84,nan,nan,nan,1.324,0.548,42.6,3.45
54774,57.8,-363,64.84,nan,nan,nan,1.302,0.548,42.6,3.45
54775,57.8,-363,64.84,nan,nan,nan,1.302,0.548,42.6,3.45
54776,57.8,-363,64.84,nan,nan,nan,1.302,0.577,42.6,3.45
54777,57.8,-363,64.84,nan,nan,nan,1.317,0.577,42.6,3.45
54778,57.8,-362,64.84,nan,nan,nan,1.341,0.577,42.6,3.45
54779,57.8,-361,64.84,nan,nan,nan,1.341,0.577,42.6,3.45
54780,57.8,-361,64.84,nan,nan,nan,1.341,0.707,42.6,3.45
54781,57.8,-361,64.84,nan,nan,nan,1.341,0.707,42.6,3.45
54782,57.8,-361,64.84,nan,nan,nan,1.341,nan,42.6,3.45
54783,57.8,-361,64.84,nan,nan,nan,1.341,nan,42.6,3.45
54784,57.8,-365,64.84,nan,nan,nan,1.341,nan,42.6,3.45
54785,56.05,-365,64.84,nan,nan,nan,1.341,0.707,42.6,3.45
54786,56.05,-365,64.84,nan,nan,nan,1.341,0.707,42.6,3.45
54787,56.05,-365,64.84,nan,nan,nan,1.341,0.707,42.6,3.45
54788,56.05,-364,64.84,nan,nan,nan,1.341,0.707,42.6,3.45
54789,56.05,-364,64.84,nan,nan,nan,1.341,0.707,42.6,3.45
54790,56.05,-366,64.84,nan,nan,nan,1.324,0.577,42.6,3.45
54791,55.4,-365,64.84,nan,nan,nan,1.362,1.378,42.6,3.45
54792,56.65,-365,64.84,nan,nan,nan,1.34,1.193,42.6,3.45
54793,56.65,-365,64.84,nan,nan,nan,1.34,1.223,42.6,3.45
54794,56.65,-365,64.84,nan,nan,nan,1.34,1.486,42.6,3.45
54795,56.65,-364,64.84,nan,nan,nan,1.325,1.378,42.6,3.45
54796,58.25,-364,64.84,nan,nan,nan,1.305,1.193,42.6,3.85
54797,58.25,-363,64.84,nan,nan,nan,1.292,1.141,42.6,3.85
54798,60.55,-363,64.84,nan,nan,nan,1.286,1.043,42.6,6.15
54799,60.55,-363,64.84,nan,nan,nan,1.305,1.067,42.6,6.15
54800,60.55,-362,64.84,nan,nan,nan,1.292,0.548,42.6,6.15
54801,64.65,-362,64.84,nan,nan,nan,1.273,0.548,42.6,10.25
54802,64.65,-362,64.84,nan,nan,nan,1.273,0.548,42.6,10.25
54803,64.65,-362,64.84,nan,nan,nan,1.273,0.548,42.6,10.25
54804,64.65,-361,64.84,nan,nan,nan,1.273,0.548,42.6,10.25
54805,64.65,-361,64.84,nan,nan,nan,1.273,0.577,42.6,10.25
54806,64.65,-360,64.84,nan,nan,nan,1.273,0.577,42.6,10.25
54807,64.65,-360,64.84,nan,nan,nan,1.273,0.707,42.6,10.25
54808,64.65,-360,64.84,nan,nan,nan,1.273,0.707,42.6,10.25
54809,64.65,-360,64.84,nan,nan,nan,1.273,nan,42.6,10.25
54810,64.65,-360,64.84,nan,nan,nan,1.273,nan,42.6,10.25
54811,64.65,-360,64.84,nan,nan,nan,1.273,nan,42.6,10.25
54812,64.65,-359,64.84,nan,nan,nan,1.273,nan,42.6,10.25
54813,64.65,-358,64.84,nan,nan,nan,1.273,nan,42.6,10.25
54814,64.65,-357,64.84,nan,nan,nan,1.261,nan,42.6,10.25
54815,66.75,-357,64.84,nan,nan,nan,1.256,0.707,42.6,12.35
54816,66.75,-357,64.84,nan,nan,nan,1.273,0.707,42.6,12.35
54817,66.75,-356,64.84,nan,nan,nan,1.273,0.707,42.6,12.35
54818,66.75,-355,64.84,nan,nan,nan,1.273,0.707,42.6,12.35
54819,66.75,-355,64.84,nan,nan,nan,1.273,0.707,42.6,12.35
54820,66.75,-357,64.84,nan,nan,nan,1.273,0.577,42.6,12.35
54821,59.4,-357,64.84,nan,nan,nan,0.639,0.577,42.6,12.35
54822,59.4,-357,64.84,nan,nan,nan,0.645,0.577,42.6,12.35
54823,59.4,-356,64.84,nan,nan,nan,0.645,0.577,42.6,12.35
54824,62.9,-356,64.84,nan,nan,nan,0.645,0.577,42.6,11.35
54825,62.9,-355,64.84,nan,nan,nan,0.642,0.548,42.6,11.35
54826,66.15,-355,64.84,nan,nan,nan,0.639,0.548,42.6,11.35
54827,66.15,-354,64.84,nan,nan,nan,0.646,0.535,42.6,11.35
